1 1
1 2
1 3
1 4
1 5
2 6
2 7
2 8
2 9
2 10
3 11
3 11
3 11
3 11
3 11
4 12
4 12
4 12
4 12
4 12
4 12
5 13
5 14
5 15
5 16
5 17
6 18
6 19
6 20
6 21
6 22
6 23
7 24
7 25
7 26
7 27
7 28
7 29
7 30
7 31
7 32
7 33
7 34
8 35
8 36
8 37
8 38
8 39
8 40
8 41
8 42
9 43
9 44
9 45
9 46
9 47
9 48
9 49
9 50
9 51
9 52
9 53
9 54
9 55
9 56
9 57
9 58
9 59
9 60
9 61
9 62
9 63
9 64
9 65
9 66
10 67
10 68
10 69
10 70
10 71
10 72
10 73
10 74
11 75
11 76
11 77
11 78
11 79
12 80
12 80
12 80
12 80
12 80
13 81
13 82
13 83
13 84
13 85
13 86
13 87
13 88
13 89
13 90
13 91
13 92
13 93
13 94
13 95
13 96
13 97
13 98
13 57
13 99
13 100
13 101
13 102
13 103
13 104
13 105
13 106
13 107
13 108
13 109
14 110
14 111
14 112
14 113
14 78
14 114
14 115
14 116
14 117
14 118
14 119
14 120
15 121
15 122
15 123
15 124
15 125
15 126
16 110
16 127
16 128
16 129
16 130
17 131
17 132
17 133
17 134
17 31
18 135
18 136
18 137
18 138
18 139
18 87
18 140
18 88
18 141
18 142
18 143
18 144
18 145
18 146
18 147
18 148
18 149
18 56
18 150
18 151
18 152
18 153
18 154
18 155
18 156
18 157
18 158
18 159
18 160
18 161
19 162
19 163
19 164
19 165
19 166
19 141
19 167
19 138
19 168
19 169
19 170
19 171
19 172
19 173
19 174
19 175
19 176
19 98
19 177
19 178
19 179
19 180
19 181
19 182
19 183
19 184
19 185
19 186
19 41
19 187
19 188
19 189
19 190
19 191
19 192
19 193
19 194
19 195
19 196
19 197
19 198
19 199
19 200
19 201
19 202
19 121
19 203
19 204
19 205
19 206
19 207
19 208
19 209
19 210
19 211
19 212
19 213
19 214
19 215
19 216
19 217
19 218
19 219
19 77
19 220
19 221
19 109
19 66
20 222
20 223
20 224
20 225
20 226
20 227
20 228
20 229
20 230
20 231
20 232
21 233
21 234
21 235
21 236
21 237
21 238
22 239
22 240
22 241
22 242
22 243
23 36
23 244
23 245
23 246
23 247
23 248
23 249
23 250
23 251
23 252
24 253
24 254
24 255
24 256
24 257
25 246
25 258
25 259
25 260
25 261
25 262
25 263
25 86
25 264
25 265
25 266
25 267
25 268
25 269
25 270
26 271
26 272
26 273
26 274
26 275
27 276
27 277
27 278
27 279
27 280
27 281
27 282
27 283
27 284
27 285
27 286
27 287
27 288
27 289
27 290
27 291
27 292
27 293
27 294
27 295
27 296
27 297
27 298
27 299
27 300
27 111
27 301
27 302
28 303
28 304
28 305
28 306
28 266
28 307
28 308
28 55
28 309
28 310
28 311
29 312
29 93
29 313
29 314
29 315
29 140
29 316
30 317
30 318
30 319
30 179
30 320
31 321
31 322
31 323
31 324
31 325
32 326
32 327
32 328
32 329
32 330
32 83
32 331
32 332
33 333
33 334
33 335
33 336
33 337
34 338
34 339
34 340
34 341
34 342
35 343
35 343
35 343
35 343
35 343
36 344
36 345
36 346
36 347
36 348
36 349
36 350
36 351
36 144
36 352
36 353
36 354
36 355
36 291
36 356
36 103
36 357
36 358
36 359
36 360
36 361
36 362
36 363
36 364
36 365
37 366
37 367
37 368
37 369
37 370
37 371
37 372
37 373
37 374
37 375
38 28
38 376
38 103
38 377
38 378
38 379
38 380
38 381
39 382
39 383
39 384
39 385
39 386
39 387
39 388
39 389
40 390
40 391
40 392
40 393
40 394
40 335
40 346
40 47
40 395
40 396
40 162
40 397
40 145
40 398
40 399
40 400
40 318
40 401
40 402
40 403
40 198
40 152
40 404
40 405
40 406
40 209
40 407
41 408
41 409
41 410
41 411
41 412
41 312
41 413
41 34
41 414
42 415
42 416
42 417
42 418
42 419
42 420
42 421
43 422
43 423
43 45
43 424
43 54
43 425
43 377
43 426
44 427
44 428
44 429
44 123
44 212
45 430
45 431
45 300
45 432
45 433
46 434
46 435
46 436
46 108
46 71
46 433
46 125
46 389
47 437
47 438
47 439
47 440
47 441
47 442
47 443
47 328
47 43
47 444
47 445
47 446
47 447
47 448
47 449
47 335
47 450
47 451
47 452
47 453
47 454
47 455
47 456
47 276
47 457
47 458
47 280
47 459
47 460
47 461
47 462
47 352
47 463
47 464
47 465
47 466
47 173
47 467
47 468
47 469
47 267
47 470
47 471
47 472
47 473
47 103
47 474
47 298
47 475
47 476
47 389
48 477
48 478
48 479
48 480
48 481
48 482
49 483
49 484
49 485
49 486
49 70
50 487
50 488
50 489
50 490
50 312
50 491
50 492
50 493
51 494
51 495
51 446
51 490
51 496
51 335
51 497
51 303
51 498
51 499
51 500
51 410
51 501
51 502
51 318
51 503
51 461
51 319
51 504
52 505
52 506
52 507
52 508
52 509
53 510
53 511
53 512
53 513
53 514
53 338
54 203
54 515
54 203
54 298
54 516
54 517
54 218
55 518
55 519
55 520
55 521
55 76
56 51
56 274
56 53
56 288
56 522
57 523
57 405
57 524
57 525
57 526
58 527
58 528
58 529
58 530
58 531
58 532
59 257
59 257
59 257
59 257
59 257
60 533
60 534
60 535
60 31
60 536
60 537
60 379
61 538
61 116
61 539
61 540
61 541
61 542
62 543
62 544
62 545
62 546
62 547
62 303
62 548
62 137
62 147
62 549
62 42
62 550
62 61
62 551
63 552
63 552
63 552
63 552
63 552
64 553
64 554
64 555
64 556
64 557
65 303
65 492
65 558
65 345
65 559
65 560
65 561
65 562
66 427
66 563
66 564
66 565
66 566
66 459
66 459
66 567
66 568
66 569
66 570
66 411
66 375
67 571
67 572
67 573
67 352
67 574
67 263
67 575
67 576
67 577
67 578
68 262
68 89
68 579
68 576
68 580
68 581
68 86
68 582
68 583
68 584
69 585
69 586
69 587
69 588
69 589
70 590
70 591
70 335
70 504
70 592
70 593
70 363
71 594
71 594
71 594
71 595
71 595
71 595
72 596
72 596
72 597
72 597
72 598
72 598
73 599
73 600
73 601
73 417
73 602
73 603
73 604
74 605
74 606
74 607
74 608
74 609
74 610
74 331
74 611
74 138
74 465
74 266
74 144
74 292
74 612
74 613
74 150
74 614
74 615
74 616
74 203
74 617
74 618
74 208
74 619
74 620
74 621
74 622
74 190
74 623
75 624
75 625
75 362
75 626
75 627
76 628
76 629
76 630
76 630
76 630
77 631
77 632
77 464
77 574
77 633
77 634
77 635
77 636
77 61
77 637
78 638
78 639
78 413
78 276
78 41
78 640
78 641
79 642
79 642
79 643
79 643
79 514
79 514
79 599
79 599
79 644
79 644
79 645
79 645
80 646
80 647
80 648
80 439
80 649
81 467
81 504
81 650
81 471
81 651
81 652
81 653
81 654
81 655
81 156
81 103
81 656
82 657
82 658
82 659
82 660
82 661
83 662
83 38
83 663
83 664
83 367
83 665
83 247
83 537
83 666
83 667
83 668
83 52
83 581
83 86
83 669
83 670
84 671
84 672
84 424
84 673
84 674
84 306
84 675
84 676
84 283
84 176
84 677
84 678
85 424
85 679
85 680
85 681
85 682
85 683
85 280
85 54
85 684
85 685
85 686
85 87
85 687
85 688
86 689
86 689
86 689
86 689
86 689
86 689
86 689
87 690
87 691
87 692
87 693
87 694
87 695
88 696
88 461
88 575
88 697
88 698
88 699
88 700
89 212
89 160
89 219
89 640
89 201
90 503
90 701
90 702
90 312
90 703
90 377
91 704
91 648
91 705
91 706
91 707
91 708
92 709
92 710
92 711
92 712
92 713
93 714
93 715
93 716
93 717
93 718
94 719
94 720
94 721
94 722
94 723
94 724
95 639
95 459
95 725
95 726
95 727
95 362
96 728
96 729
96 730
96 446
96 731
96 39
97 732
97 732
97 732
97 732
97 732
97 732
98 733
98 734
98 528
98 735
98 736
98 737
99 738
99 739
99 715
99 740
99 741
99 742
100 743
100 744
100 745
100 746
100 747
101 748
101 749
101 750
101 751
101 752
101 753
102 754
102 755
102 756
102 757
102 392
103 758
103 759
103 760
103 219
103 761
104 498
104 762
104 763
104 162
104 277
104 410
104 681
104 764
105 162
105 350
105 765
105 176
105 766
106 767
106 768
106 291
106 769
106 102
106 770
106 473
106 653
106 771
106 772
106 67
106 773
106 774
107 775
107 775
107 775
107 776
107 776
107 776
108 777
108 778
108 779
108 780
108 781
109 782
109 783
109 784
109 263
109 279
109 686
109 167
109 573
109 785
109 786
109 787
109 788
109 789
109 361
109 790
109 791
110 792
110 793
110 794
110 795
110 796
110 797
111 798
111 799
111 800
111 801
111 802
112 803
112 804
112 805
112 806
112 807
112 808
113 809
113 679
113 688
113 576
113 687
113 810
113 811
114 812
114 274
114 560
114 559
114 813
114 810
114 814
114 815
114 577
114 726
114 250
114 286
114 816
114 634
114 817
114 183
114 471
114 656
114 818
114 819
114 203
114 377
114 69
114 773
114 252
115 820
115 821
115 822
115 299
115 823
115 824
115 825
115 826
116 446
116 44
116 827
116 548
116 828
116 81
116 829
116 141
116 830
116 831
117 832
117 36
117 833
117 46
117 834
117 835
118 836
118 836
118 836
118 836
118 837
118 837
118 837
118 837
119 838
119 527
119 839
119 840
119 841
120 842
120 843
120 116
120 844
120 302
120 119
121 845
121 846
121 847
121 195
121 375
121 826
121 848
121 311
121 849
121 300
121 790
122 452
122 667
122 784
122 54
122 850
122 851
122 372
122 852
122 853
122 854
122 855
122 62
122 361
123 856
123 383
123 857
123 858
123 214
123 859
123 860
124 861
124 862
124 176
124 184
124 356
124 863
124 864
124 865
124 866
124 550
124 867
124 868
124 869
124 380
124 161
125 870
125 871
125 709
125 872
125 873
126 874
126 875
126 876
126 877
126 434
127 878
127 878
127 878
127 878
127 878
128 879
128 880
128 881
128 882
128 883
129 884
129 885
129 886
129 887
129 888
129 889
130 890
130 891
130 892
130 775
130 893
131 36
131 894
131 895
131 896
131 579
131 897
132 898
132 898
132 898
132 898
132 898
133 899
133 900
133 442
133 901
133 902
133 45
133 903
133 352
133 904
133 318
133 905
133 906
133 907
133 107
133 849
133 908
133 909
133 910
134 558
134 52
134 414
134 54
134 911
134 87
134 912
134 364
134 365
135 913
135 914
135 915
135 916
135 917
135 918
136 919
136 919
136 919
136 919
136 919
137 503
137 28
137 920
137 921
137 47
137 828
137 82
137 349
137 696
137 922
137 923
138 924
138 631
138 668
138 925
138 926
138 351
138 137
138 927
138 928
138 138
138 929
138 287
138 147
139 930
139 931
139 932
139 933
139 934
140 935
140 936
140 261
140 262
140 313
140 553
140 330
140 275
140 409
140 277
140 937
141 938
141 938
141 938
141 938
141 938
142 894
142 939
142 316
142 251
142 377
142 940
143 941
143 941
143 941
143 941
143 941
144 729
144 942
144 943
144 664
144 944
145 945
145 946
145 947
145 948
145 949
145 950
145 951
145 952
146 261
146 953
146 373
146 99
146 549
146 428
146 950
146 150
146 536
146 554
146 954
147 338
147 955
147 956
147 957
147 958
147 959
148 596
148 960
148 597
148 961
148 962
149 963
149 964
149 965
149 966
149 967
149 968
149 813
149 969
149 564
149 563
149 162
149 681
149 970
149 683
149 687
149 971
149 972
149 56
149 973
149 726
149 974
149 975
150 39
150 833
150 976
150 977
150 702
150 978
150 456
150 979
150 980
150 635
150 618
150 849
151 981
151 344
151 982
151 983
151 582
151 984
151 54
151 929
151 332
151 985
151 986
151 830
152 987
152 988
152 989
152 990
152 607
153 991
153 447
153 992
153 967
153 46
153 993
153 499
153 459
153 501
153 929
153 994
153 995
153 634
153 996
153 997
153 356
153 986
154 998
154 998
154 895
154 895
154 999
154 999
154 1000
154 1000
154 535
154 535
154 1001
154 1001
154 664
154 664
154 1002
154 1002
154 1003
154 1003
154 46
154 46
154 828
154 828
154 1004
154 1004
154 82
154 82
154 351
154 351
154 1005
154 1005
155 624
155 158
155 1006
155 843
155 129
156 1007
156 633
156 290
156 1008
156 1009
157 1010
157 1011
157 1012
157 1013
157 1014
158 391
158 945
158 1015
158 804
158 1016
158 680
158 784
158 1017
158 939
158 1018
158 675
158 397
158 1019
158 1020
158 425
158 153
158 475
158 298
159 1021
159 1021
159 1021
159 1021
159 1021
160 1022
160 1023
160 1024
160 1025
160 1026
161 475
161 202
161 1027
161 622
161 1028
161 357
161 1029
161 157
161 1030
161 360
161 1031
161 857
161 526
161 300
161 378
161 1032
161 1033
161 111
161 363
161 1034
161 364
161 112
161 1035
162 1036
162 1037
162 1038
162 1039
162 1040
163 1041
163 441
163 32
163 333
163 706
163 1042
163 1043
163 1044
163 805
163 1045
163 1046
163 1047
163 172
163 1048
164 890
164 1049
164 630
164 630
164 630
164 1050
164 630
165 1051
165 1051
165 1051
165 1051
165 1051
166 517
166 516
166 155
166 1052
166 63
166 1053
166 161
167 170
167 1054
167 1055
167 985
167 1056
168 572
168 460
168 87
168 1057
168 1058
168 461
168 1059
168 288
168 816
169 303
169 553
169 1060
169 1061
169 1062
169 1063
170 947
170 947
170 261
170 261
170 1064
170 1064
170 498
170 498
170 812
170 812
170 264
170 264
170 1065
170 1065
170 1066
170 1066
170 829
170 829
170 1067
170 1067
170 265
170 265
170 162
170 162
170 1047
170 1047
170 93
170 93
170 1068
170 1068
170 682
170 682
170 983
170 983
170 572
170 572
170 1069
170 1069
170 1070
170 1070
170 561
170 561
170 314
170 314
170 1063
170 1063
170 1071
170 1071
170 169
170 169
170 1072
170 1072
170 1073
170 1073
170 1074
170 1074
170 1075
170 1075
170 1076
170 1076
170 1077
170 1077
170 1078
170 1078
170 786
170 786
171 1079
171 1079
171 1079
171 1079
171 1079
171 1079
172 1080
172 1081
172 729
172 1082
172 943
172 1067
172 396
172 948
172 266
172 1083
172 1084
172 285
172 982
172 401
172 1085
172 1086
172 823
172 515
172 213
173 646
173 1087
173 487
173 1088
173 1089
173 1090
173 1091
173 1092
173 610
173 163
173 502
173 1071
173 1055
173 1093
173 359
173 77
174 1094
174 745
174 1095
174 913
174 1096
175 1097
175 909
175 637
175 1098
175 1099
175 1100
175 71
175 1101
175 1102
175 124
175 117
175 1035
176 646
176 1103
176 1104
176 1105
176 1106
176 69
177 266
177 170
177 289
177 923
177 1107
178 1108
178 1109
178 91
178 1110
178 1111
178 1112
179 424
179 278
179 558
179 457
179 1113
179 1114
179 476
179 1115
179 1116
179 1031
179 1117
180 1118
180 1119
180 1120
180 760
180 1121
180 1122
180 1123
181 373
181 1115
181 1124
181 1125
181 1053
181 1126
181 1127
181 389
182 1128
182 1129
182 1130
182 383
182 75
182 1131
183 247
183 258
183 1132
183 1044
183 921
183 276
183 273
183 248
183 979
183 412
183 331
183 1092
183 410
183 1133
183 1134
183 1135
183 41
183 1136
183 295
183 105
183 210
183 202
183 550
183 1137
183 980
183 137
183 785
184 92
184 297
184 1138
184 1139
184 677
184 309
185 1140
185 1140
185 1140
185 1140
185 1140
185 1140
185 1140
186 1141
186 1142
186 1143
186 1144
186 286
187 1145
187 1146
187 1147
187 1148
187 1149
187 1150
188 833
188 1151
188 82
188 991
188 1152
188 304
188 581
188 369
188 373
188 1153
188 824
188 636
188 1154
188 517
188 211
189 551
189 1155
189 112
189 773
189 1156
189 1157
190 1158
190 1159
190 1160
190 1161
190 1162
190 1163
191 1164
191 1165
191 1166
191 1167
191 1168
191 1169
191 1170
192 1171
192 1172
192 1173
192 1027
192 868
193 1174
193 1175
193 1176
193 1177
193 1178
194 1179
194 1179
194 1179
194 1180
194 1180
194 1180
195 467
195 1181
195 656
195 1182
195 1183
195 654
196 1184
196 1185
196 1186
196 1187
196 1188
196 1189
197 937
197 1190
197 673
197 784
197 85
197 1191
197 93
197 347
197 1192
197 91
197 1018
197 1193
198 671
198 1194
198 549
198 1195
198 996
198 624
199 1196
199 495
199 423
199 1001
199 394
199 1197
199 1198
200 1199
200 115
200 301
200 116
200 302
200 1200
201 1201
201 833
201 452
201 448
201 369
201 1137
201 1017
201 504
201 550
201 1156
202 1202
202 1202
202 1202
202 1202
202 1202
202 1202
203 1203
203 1204
203 1205
203 1206
203 1207
204 1208
204 1209
204 1210
204 1211
204 1212
204 1213
204 1214
204 1215
204 1216
205 827
205 263
205 1217
205 580
205 1114
205 55
205 1218
205 294
205 198
205 1219
205 1220
206 1221
206 1221
206 1221
206 1221
206 1222
206 1222
206 1222
206 1222
207 1223
207 1224
207 1225
207 539
207 65
208 1226
208 1227
208 1228
208 1229
208 496
208 327
208 438
208 455
208 445
208 1230
208 901
208 1231
208 450
208 443
208 1232
208 27
208 965
208 496
208 36
208 1233
208 1234
208 1235
208 503
208 1236
208 1044
208 946
208 1237
208 30
208 705
208 1238
208 535
208 1239
208 1240
208 1241
208 968
208 976
208 1242
208 1243
208 1244
208 966
208 1245
208 803
208 1246
208 663
208 423
208 1001
208 1247
208 992
208 1002
208 534
208 1248
208 449
208 335
208 1249
208 1250
208 1251
208 46
208 1252
208 427
208 564
208 1253
208 277
208 681
208 457
208 925
208 686
208 83
208 348
208 350
208 1062
208 696
208 280
208 91
208 1254
208 1255
208 1256
208 1257
208 465
208 612
208 287
208 266
208 476
208 810
208 56
208 982
208 1258
208 297
208 1259
208 1078
208 995
208 1260
208 1261
208 815
208 1262
208 1263
208 310
208 174
208 1264
208 578
208 1265
208 766
208 699
208 1266
208 182
208 100
208 817
208 1267
208 700
208 616
208 191
208 1268
208 1269
208 615
208 1270
208 1009
208 651
208 203
208 1271
208 1272
209 1273
209 83
209 458
209 1274
209 687
209 1275
209 815
209 1276
210 68
210 1277
210 128
210 76
210 1278
211 1279
211 648
211 1280
211 537
211 1251
211 667
211 564
211 454
211 1281
211 424
211 459
211 1282
211 615
212 535
212 564
212 427
212 492
212 1283
212 1284
212 762
212 177
212 1255
213 1285
213 1286
213 1287
213 378
213 1288
213 1289
214 1290
214 217
214 1053
214 1291
214 1288
214 1289
214 621
214 67
214 1292
214 1293
214 1294
214 1295
215 1296
215 521
215 1297
215 75
215 540
215 1298
216 1114
216 170
216 282
216 1299
216 370
216 149
216 375
217 503
217 668
217 812
217 52
217 1193
217 304
217 283
217 1299
217 555
217 1300
217 1301
218 1302
218 1303
218 1304
218 1305
218 1306
218 1307
218 1308
218 1309
218 1310
218 868
219 1311
219 1312
219 1313
219 784
219 1144
219 177
219 1314
220 1315
220 1316
220 1317
220 1318
220 1319
220 1320
221 1321
221 496
221 1322
221 488
221 27
222 1323
222 1323
222 1323
222 1323
222 1323
222 1323
223 54
223 279
223 350
223 86
223 88
223 376
223 612
223 1324
223 283
223 283
223 355
223 1325
223 577
223 178
223 1326
223 1085
223 699
223 1195
223 1327
223 771
223 1053
224 439
224 439
224 439
224 439
224 439
225 902
225 1328
225 491
225 1190
225 411
225 291
225 652
226 1329
226 1330
226 1331
226 1332
226 1333
226 1334
227 1152
227 1138
227 1048
227 1325
227 180
227 1335
227 1336
227 1337
228 553
228 1066
228 1338
228 1339
228 271
228 313
229 442
229 1340
229 88
229 463
229 94
229 1341
229 904
229 1342
229 292
229 1343
229 199
229 1107
229 940
229 525
230 1344
230 1345
230 1346
230 1347
230 1348
231 1349
231 710
231 1350
231 1351
231 1352
232 1353
232 1354
232 1355
232 1177
232 7
232 1356
232 1357
233 1358
233 1359
233 1360
233 167
233 331
233 1361
233 1076
233 465
233 1362
233 466
233 1363
233 285
233 1364
234 662
234 333
234 664
234 1132
234 1365
234 46
234 247
234 82
234 47
234 34
234 563
234 1134
234 50
234 53
234 141
234 834
234 1366
234 1312
234 1367
234 1007
234 1368
234 614
234 1301
234 1172
234 299
234 197
234 1118
234 626
235 812
235 318
235 184
235 1093
235 122
235 524
236 1123
236 1006
236 1369
236 124
236 1370
237 1371
237 1372
237 1373
237 1374
237 1375
237 1376
238 1377
238 1322
238 1378
238 335
238 702
238 50
238 950
238 1379
238 1009
239 1380
239 1381
239 1382
239 1383
239 1384
239 1385
239 1386
239 338
239 1387
240 1194
240 459
240 351
240 1257
240 971
240 865
240 1028
241 1388
241 111
241 1389
241 1006
241 1390
241 1391
241 1392
241 1393
241 1394
241 71
242 1395
242 1395
242 1395
242 1395
242 1395
243 273
243 949
243 1288
243 1289
243 379
243 1396
243 626
243 1393
244 667
244 806
244 566
244 782
244 81
244 1060
244 681
244 345
244 565
244 1397
244 1255
244 469
244 1107
244 359
245 149
245 768
245 456
245 1398
245 168
245 1399
246 406
246 206
246 1400
246 122
246 1272
246 60
246 61
246 791
247 273
247 264
247 162
247 1276
247 68
248 1401
248 1001
248 1402
248 702
248 1403
248 834
248 1404
248 1405
248 1406
248 318
248 536
248 196
248 122
248 298
248 1297
248 1407
249 1408
249 1408
249 1409
249 1409
249 1410
249 1410
250 1234
250 331
250 807
250 633
250 1171
251 76
251 1411
251 1278
251 1412
251 1413
251 1414
251 1415
252 1416
252 553
252 273
252 582
252 1363
252 1417
252 354
253 1418
253 1419
253 1420
253 1421
253 1422
253 1423
253 1424
254 894
254 1251
254 1137
254 46
254 921
254 1425
254 813
255 1426
255 489
255 1233
255 708
255 1044
255 28
255 1427
256 1428
256 48
256 1429
256 55
256 1430
256 1431
257 1432
257 1433
257 36
257 1234
257 38
257 1434
257 28
257 1435
257 968
258 1436
258 1437
258 1052
258 378
258 1438
259 1439
259 1440
259 1441
259 1442
259 1443
259 1444
260 1445
260 1446
260 1447
260 1448
260 1449
260 630
261 1340
261 163
261 136
261 165
261 949
261 1450
262 417
262 1451
262 1452
262 1453
262 1454
263 274
263 979
263 263
263 337
263 847
263 1455
263 850
263 1456
263 1171
263 769
263 1343
263 295
264 1457
264 1458
264 1459
264 1460
264 1461
265 395
265 410
265 683
265 812
265 1462
265 1313
265 1018
265 1361
265 1366
265 847
265 1114
265 175
265 180
265 101
265 1463
265 1464
266 1465
266 1465
266 1466
266 1466
266 1467
266 1467
267 1468
267 1469
267 1470
267 1471
267 1472
267 1473
268 1474
268 1475
268 1476
268 424
268 680
268 925
268 1477
268 1276
269 1478
269 1478
269 1479
269 1479
269 1480
269 1480
270 1481
270 1481
270 1481
270 1481
270 1481
271 1482
271 1483
271 1484
271 1485
271 1486
271 1487
271 1280
271 765
271 971
271 634
272 1488
272 1306
272 1489
272 420
272 1490
273 1491
273 1492
273 153
273 269
273 1493
273 209
274 1494
274 1494
274 1494
274 1495
274 1495
274 1495
275 1496
275 1496
275 1496
275 1496
275 1496
275 1496
276 1497
276 1497
276 1497
276 1497
276 1497
276 1497
276 1497
276 1497
277 1498
277 1499
277 1500
277 1501
277 1502
277 1503
278 1504
278 1505
278 1506
278 1507
278 1508
278 1509
278 1510
279 1511
279 465
279 816
279 468
279 1512
279 1513
280 1514
280 1515
280 1516
280 1517
280 1518
281 327
281 1280
281 1519
281 1243
281 30
281 423
281 448
281 452
281 1520
281 969
281 563
281 84
281 427
281 1194
281 498
281 765
282 900
282 329
282 572
282 537
282 525
282 1521
282 1522
283 1523
283 68
283 68
283 68
283 1524
283 1525
283 627
283 1393
283 1526
283 541
283 1200
283 1527
284 1017
284 608
284 1528
284 1529
284 1530
285 1531
285 417
285 709
285 1532
285 1533
285 1534
286 464
286 461
286 459
286 650
286 102
287 1535
287 1536
287 1537
287 1169
287 724
287 1538
287 1539
288 1540
288 1038
288 1541
288 891
288 1542
289 1543
289 1543
289 1543
289 1543
289 1544
289 1544
289 1544
289 1544
290 967
290 1001
290 1545
290 279
290 1546
290 765
290 1547
290 1257
290 54
290 929
290 297
290 1456
290 1262
290 634
290 766
290 1548
290 201
290 857
290 1032
290 111
291 1549
291 1550
291 1551
291 893
291 605
291 1552
291 963
291 1553
291 1554
292 1555
292 1556
292 1557
292 1558
292 1543
293 457
293 85
293 582
293 1192
293 465
293 398
293 169
293 1559
293 102
293 299
293 1560
293 1561
293 849
294 1562
294 1563
294 327
294 329
294 1088
294 449
294 1232
294 1002
294 247
294 262
294 1425
294 1252
294 1564
294 970
294 87
294 145
294 466
294 1073
294 1565
294 555
294 1566
294 526
294 1030
294 1437
295 1567
295 1567
295 1567
295 1567
295 1567
296 379
296 426
296 1568
296 541
296 1569
297 1570
297 1571
297 1572
297 769
297 1573
297 823
298 1574
298 701
298 1182
298 1107
298 311
299 1575
299 547
299 462
299 137
299 97
299 156
299 358
299 69
300 1576
300 1576
300 1576
300 1576
300 1576
300 1576
301 421
301 1577
301 1578
301 1579
301 1580
301 1581
301 1582
302 1583
302 1583
302 1583
302 1583
302 1583
302 1583
303 858
303 1130
303 1584
303 908
303 111
304 1585
304 999
304 1586
304 768
304 283
304 1587
305 469
305 210
305 157
305 1588
305 1589
306 937
306 49
306 50
306 1590
306 53
307 369
307 1137
307 828
307 261
307 686
307 1546
307 178
308 1425
308 275
308 558
308 82
308 1591
308 138
308 575
308 307
308 1592
308 850
308 283
308 830
308 289
308 1261
308 1593
308 285
308 820
308 1342
308 183
308 1594
308 1595
308 1107
308 817
309 1596
309 330
309 558
309 1597
309 82
309 1598
309 1599
309 85
309 1068
309 1591
309 297
309 172
309 1261
309 310
309 1055
309 787
309 175
309 1600
309 1601
309 1602
309 294
309 1008
309 1603
309 1604
309 475
309 1605
309 1606
309 154
309 1607
309 1220
310 331
310 86
310 1114
310 1048
310 178
310 1368
311 987
311 602
311 1608
311 1609
311 1610
312 444
312 1236
312 346
312 463
312 922
312 652
313 1611
313 1611
313 1611
313 1611
313 1611
314 1612
314 545
314 1613
314 649
314 537
314 336
314 1614
314 1171
315 1615
315 1616
315 1617
315 1618
315 1619
315 1620
316 1621
316 1622
316 723
316 1623
316 1624
316 1625
316 1626
316 438
316 329
316 671
316 1627
316 27
316 328
316 37
316 28
316 976
316 977
316 1628
316 967
316 1402
316 665
316 1629
316 1250
316 702
316 548
316 258
316 276
316 162
316 994
316 352
316 352
316 1630
316 810
316 456
316 105
316 1009
316 364
316 365
316 381
317 1631
317 1632
317 1633
317 1634
317 1635
318 345
318 337
318 1636
318 1637
318 469
318 1638
319 1639
319 1640
319 1641
319 1642
319 1643
320 496
320 900
320 450
320 367
320 424
320 1644
320 1645
320 1646
321 559
321 560
321 1647
321 1254
321 146
321 1266
321 858
322 276
322 1648
322 1078
322 143
322 1593
323 453
323 569
323 1313
323 1546
323 283
323 157
324 1649
324 1061
324 279
324 466
324 476
324 185
324 1650
324 363
324 621
325 550
325 849
325 1437
325 364
325 113
326 893
326 1651
326 449
326 1652
326 1653
326 1654
327 1655
327 1656
327 1657
327 1658
327 1659
328 1227
328 709
328 1660
328 710
328 1661
328 1662
328 1663
328 1664
328 511
328 273
328 784
328 163
328 951
328 1057
328 181
328 1008
328 1665
329 1666
329 1667
329 1668
329 1669
329 1670
330 1671
330 1552
330 1657
330 1672
330 1673
330 1674
330 1675
331 1676
331 152
331 1677
331 1678
331 1679
331 1680
332 1681
332 1682
332 1683
332 1684
332 1685
332 1686
332 368
332 1687
332 1688
333 889
333 1689
333 1690
333 1691
333 1692
334 1369
334 111
334 678
334 1693
334 791
334 302
335 1694
335 1695
335 1696
335 659
335 388
336 1552
336 1552
336 1552
336 1552
336 1552
337 1697
337 301
337 1698
337 220
337 66
338 1017
338 500
338 1191
338 1699
338 826
338 1700
338 1097
339 1701
339 1702
339 1703
339 1704
339 1705
339 1706
340 378
340 1130
340 1707
340 1708
340 110
340 678
340 1709
340 217
340 1710
340 1122
340 159
340 1711
340 80
340 1712
340 119
340 1713
341 329
341 1714
341 610
341 1715
341 785
341 614
342 1716
342 1716
342 1716
342 1716
342 1716
343 1717
343 893
343 1718
343 1719
343 890
343 1166
344 25
344 1720
344 1721
344 692
344 1201
345 1722
345 1723
345 1724
345 1725
345 1726
345 1727
346 1728
346 1729
346 1730
346 1731
346 1732
347 577
347 402
347 536
347 1566
347 1733
347 1115
347 205
348 1734
348 1735
348 1736
348 25
348 1737
348 1738
348 1739
348 1105
348 1740
348 117
349 1660
349 1741
349 1742
349 1743
349 1744
349 1745
349 710
350 330
350 1312
350 54
350 175
350 1171
351 671
351 1233
351 672
351 1746
351 653
352 347
352 1255
352 464
352 1059
352 1262
352 1747
352 1268
352 1572
352 311
352 1525
352 1524
353 701
353 392
353 246
353 1748
353 1628
353 29
353 1001
353 664
353 1749
353 1242
353 1750
353 805
353 448
353 1002
353 1045
353 451
353 1751
353 1752
353 1753
353 1629
353 335
353 44
353 667
353 1252
353 1754
353 1403
353 262
353 563
353 1714
353 812
353 1092
353 49
353 498
353 344
353 457
353 52
353 1417
353 136
353 1511
353 465
353 1114
353 583
353 398
353 562
353 266
353 170
353 55
353 1048
353 1275
353 172
353 850
353 310
353 99
353 1755
353 372
353 33
353 817
353 469
353 1756
354 437
354 1757
354 1244
354 1758
354 359
355 335
355 335
355 1759
355 165
355 1153
356 891
356 892
356 1608
356 1039
356 1760
356 1761
356 1762
356 1763
357 1764
357 1764
357 1764
357 1764
357 1764
358 1765
358 48
358 277
358 1766
358 396
358 948
358 567
358 304
358 1767
358 141
358 172
358 1007
358 400
358 874
358 1138
358 1153
358 189
358 403
358 152
358 758
358 1053
358 1693
359 981
359 349
359 348
359 1759
359 1768
359 318
359 208
359 625
359 364
360 1138
360 1138
360 150
360 150
360 425
360 425
360 1769
360 1769
360 207
360 207
360 619
360 619
360 1697
360 1697
361 35
361 327
361 1770
361 450
361 335
361 335
361 1677
362 1771
362 1462
362 1772
362 553
362 639
362 346
362 82
362 410
362 275
362 1060
362 409
362 1134
362 83
362 50
362 949
362 500
362 1417
362 680
362 1773
362 260
362 53
362 138
362 582
362 137
362 1774
362 88
362 575
362 170
362 559
362 560
362 1340
362 266
362 583
362 1775
362 821
363 1776
363 1227
363 417
363 1228
363 1777
364 1778
364 1402
364 1060
364 176
364 1779
364 199
364 1780
365 1201
365 663
365 367
365 449
365 548
365 827
365 1714
365 1017
365 829
365 83
365 337
365 537
365 683
365 1404
365 1340
365 1715
365 91
365 903
365 170
365 847
365 982
365 1601
365 1171
365 295
365 195
365 1781
365 65
366 452
366 1782
366 811
366 1572
366 769
366 1573
366 1783
367 1096
367 496
367 487
367 1784
367 1785
367 279
367 350
367 1282
367 464
367 810
367 1262
367 851
367 578
367 727
367 1276
367 974
367 291
367 1786
367 700
367 105
367 526
367 625
367 363
367 621
367 551
367 1156
367 120
368 1787
368 1788
368 1789
368 1790
368 1791
369 1792
369 1792
369 1792
369 1792
369 1792
370 1793
370 335
370 1403
370 1152
370 141
370 1794
371 1795
371 1796
371 1797
371 1798
371 1799
372 1800
372 1801
372 521
372 1802
372 1803
372 1804
372 843
372 72
372 678
373 1805
373 1806
373 1807
373 1808
373 1809
374 1810
374 1811
374 1812
374 1813
374 1814
375 803
375 1784
375 1785
375 369
375 811
376 907
376 106
376 122
376 912
376 912
376 1436
376 526
376 300
376 869
376 364
376 113
377 1815
377 1816
377 1817
377 1818
377 1819
377 786
377 1820
377 1821
377 1822
377 1823
377 1824
377 1825
377 1826
377 1827
377 1828
377 69
378 648
378 442
378 440
378 1089
378 901
378 965
378 1829
378 902
378 968
378 40
378 1748
378 1750
378 1830
378 47
378 330
378 1477
378 686
378 349
378 1047
378 315
378 785
378 635
378 1125
378 1335
378 472
378 619
378 1390
378 1831
379 1832
379 1833
379 1834
379 1835
379 1836
379 1837
379 1838
380 1839
380 1840
380 1841
380 1235
380 1842
381 1843
381 129
381 1844
381 1845
381 1846
382 979
382 979
382 979
382 1847
382 1847
382 1847
383 495
383 248
383 984
383 571
383 464
383 1848
383 1849
384 1321
384 1850
384 1851
384 1852
384 1853
384 1854
384 1855
384 1856
385 1857
385 60
385 377
385 869
385 1032
386 1858
386 1859
386 1860
386 1861
386 1862
386 1863
386 1864
387 446
387 459
387 1138
387 1865
387 1866
388 1867
388 1867
388 1867
388 1867
388 1867
388 1867
388 1867
388 1867
388 1867
388 1867
389 1868
389 340
389 1869
389 1870
389 1871
390 1872
390 1872
390 1872
390 789
390 789
390 789
391 303
391 1194
391 1873
391 1114
391 266
391 1874
391 1071
391 465
391 1074
391 356
392 36
392 444
392 40
392 535
392 976
392 1238
393 1875
393 1875
393 1875
393 1875
393 1875
394 1580
394 1285
394 28
394 1237
394 976
394 1240
394 1519
394 1876
394 992
394 666
394 1785
394 534
394 993
394 427
394 1877
394 571
394 679
394 809
394 1477
394 681
394 1105
394 1105
394 281
394 1878
394 1256
394 412
394 814
394 1879
394 1880
395 1881
395 1882
395 1883
395 1884
395 1885
396 1886
396 1743
396 1887
396 1888
396 1889
397 1749
397 1890
397 1249
397 162
397 1891
397 560
397 1590
397 982
397 169
397 1892
397 1138
397 1893
397 817
397 201
397 1390
397 1200
398 1378
398 1238
398 1090
398 1245
398 976
398 1830
398 391
398 1670
398 1628
398 967
398 1894
398 1015
398 423
398 1273
398 448
398 803
398 534
398 1895
398 992
398 449
398 1753
398 392
398 1248
398 1240
398 1002
398 1629
398 1402
398 1896
398 1778
398 1046
398 1250
398 1251
398 46
398 1252
398 1132
398 564
398 427
398 1004
398 34
398 969
398 1283
398 812
398 456
398 1545
398 813
398 681
398 1092
398 410
398 1614
398 1152
398 264
398 1133
398 1105
398 809
398 682
398 1340
398 686
398 348
398 350
398 349
398 950
398 499
398 459
398 376
398 1256
398 928
398 459
398 1254
398 1897
398 501
398 1257
398 785
398 282
398 464
398 90
398 502
398 683
398 687
398 476
398 138
398 56
398 768
398 1898
398 1341
398 1899
398 287
398 810
398 1900
398 577
398 1263
398 100
398 41
398 1848
398 995
398 174
398 177
399 1901
399 337
399 1902
399 654
399 1903
399 1388
400 1904
400 1905
400 1906
400 1907
400 576
401 495
401 446
401 999
401 1000
401 1908
401 391
401 392
401 1670
401 1669
401 368
402 1909
402 1910
402 1911
402 1912
402 1913
402 1914
402 1437
403 27
403 966
403 28
403 449
403 1915
403 621
404 813
404 409
404 563
404 351
404 954
404 332
404 1916
404 864
405 488
405 523
405 1917
405 1918
405 1919
406 1920
406 1920
406 1921
406 1921
406 1922
406 1922
407 1923
407 1923
407 1923
407 1923
407 1923
407 1923
407 1923
408 1924
408 1924
408 1924
408 1924
408 1924
409 1925
409 1926
409 1927
409 68
409 1293
410 495
410 177
410 1268
410 196
410 1928
410 320
410 1271
410 121
410 858
411 1589
411 1929
411 1391
411 1693
411 124
412 49
412 1614
412 1511
412 459
412 280
412 1630
412 307
412 305
412 176
412 1930
412 1849
412 149
412 99
413 1876
413 1753
413 44
413 1931
413 1932
413 46
413 84
413 1754
413 703
413 402
413 1603
413 160
413 1933
413 1934
413 773
413 369
413 1601
414 679
414 993
414 1076
414 580
414 1262
414 1264
414 1265
414 726
415 1935
415 1936
415 1937
415 1938
415 1939
416 1940
416 1940
416 1940
416 1940
416 1940
417 1941
417 15
417 1942
417 1943
417 1944
418 1234
418 804
418 83
418 980
418 167
418 669
418 145
418 1299
418 1945
418 140
418 786
418 1946
418 817
418 1947
418 475
418 1605
418 386
419 413
419 1759
419 1282
419 685
419 1948
419 370
419 181
419 99
419 1153
419 195
419 1154
419 1370
420 328
420 43
420 1233
420 37
420 490
420 672
420 706
420 966
420 1474
420 991
420 1628
420 1894
420 805
420 368
420 51
420 260
420 1404
420 1949
420 807
420 1341
420 56
420 289
420 1950
420 555
420 1195
420 180
420 291
420 356
420 1951
420 1934
420 1952
420 1804
421 671
421 439
421 813
421 34
421 81
421 52
421 244
421 1953
422 1954
422 1954
422 1954
422 1954
422 1954
423 1955
423 1956
423 271
423 82
423 1397
423 1957
423 395
423 500
423 85
423 344
423 582
423 162
423 1759
423 1878
423 1570
423 351
423 137
423 144
423 501
423 688
423 1958
423 138
423 465
423 1959
423 1960
423 1114
423 147
423 929
423 575
423 982
423 1258
423 1259
423 1086
423 1007
423 1961
423 725
423 1962
423 727
423 401
423 41
423 617
423 294
423 1758
423 1963
423 1964
423 1604
423 789
423 823
423 1965
423 1606
423 152
423 154
423 824
423 866
423 1154
423 1966
423 1967
423 1337
423 106
423 209
423 1968
423 1969
423 1029
423 1970
423 1437
423 361
423 1971
423 158
423 1121
423 112
423 551
423 77
424 1972
424 1259
424 180
424 1055
424 173
424 185
424 1973
424 413
424 650
424 1974
424 58
424 42
424 1335
425 1680
425 1584
425 1975
425 1976
425 1394
425 1827
425 380
426 1977
426 1978
426 1979
426 1980
426 1981
426 1982
427 73
427 1568
427 1866
427 119
427 1983
427 1933
428 1984
428 1984
428 1984
428 1984
428 1984
428 1984
429 1985
429 901
429 1986
429 1946
429 157
430 1987
430 1953
430 593
430 431
430 218
430 1988
431 547
431 1916
431 199
431 1989
431 197
432 459
432 1361
432 305
432 1258
432 140
432 370
432 556
432 217
433 1151
433 1404
433 1759
433 696
433 786
434 546
434 1990
434 46
434 162
434 904
435 1063
435 970
435 137
435 289
435 927
435 814
435 1786
435 1261
435 1325
435 1991
435 476
435 173
435 193
435 1964
435 1529
435 1992
435 1645
435 1965
435 789
435 824
435 1154
435 1300
435 100
435 1993
435 1994
435 1566
435 1995
435 1115
435 826
435 1996
435 1056
435 1997
435 206
435 857
435 1998
436 1218
436 1962
436 1379
436 300
436 361
436 379
437 1999
437 2000
437 2001
437 2002
437 2003
438 50
438 173
438 2004
438 975
438 2005
439 2006
439 2007
439 2008
439 2009
439 2010
440 2011
440 558
440 498
440 782
440 51
440 81
440 829
440 414
440 162
440 696
440 1636
440 687
440 168
440 2012
440 1075
440 982
440 1048
440 283
440 1261
440 1962
440 178
440 2013
440 2014
440 2015
440 2016
440 2017
440 316
440 650
440 299
440 357
440 205
440 2018
440 360
440 2019
440 678
441 422
441 423
441 45
441 424
441 54
441 425
441 377
441 426
442 2020
442 80
442 1799
442 2021
442 80
442 1820
443 663
443 945
443 2022
443 453
443 1425
443 2023
443 34
443 1598
443 277
443 926
443 1260
443 292
443 178
443 2024
443 2025
444 2026
444 2026
444 2026
444 2026
444 2027
444 2027
444 2027
444 2027
444 2028
444 2028
444 2028
444 2028
445 2029
445 1649
445 563
445 813
445 564
445 498
445 460
445 55
445 67
446 811
446 283
446 293
446 295
446 153
446 201
446 67
447 851
447 2030
447 726
447 1587
447 1951
448 2031
448 2032
448 968
448 1046
448 335
448 534
448 1896
448 1630
448 347
448 189
449 891
449 2033
449 2034
449 2035
449 2036
450 514
450 2037
450 1531
450 1717
450 2038
450 2039
450 2040
450 2041
451 346
451 558
451 782
451 271
451 1597
451 273
451 81
452 2019
452 2042
452 108
452 1388
452 2043
452 2044
453 144
453 2045
453 1455
453 1637
453 2046
454 2047
454 2048
454 2049
454 2050
454 2051
454 137
455 950
455 148
455 1059
455 1950
455 555
455 201
455 405
455 2052
456 1521
456 1297
456 1971
456 363
456 843
456 70
456 71
456 484
456 1525
456 1396
456 301
456 2053
457 1621
457 1622
457 2054
457 2055
457 2038
457 2056
458 2057
458 2058
458 2059
458 1285
458 2060
459 2061
459 545
459 44
459 921
459 1152
459 697
459 617
460 49
460 564
460 558
460 1312
460 569
460 2062
460 163
460 273
460 1274
460 54
460 352
460 808
460 143
460 95
460 1028
460 1857
460 848
460 1436
461 1917
461 1849
461 699
461 1755
461 2025
461 822
461 1327
461 2063
461 2016
461 2014
461 316
461 2017
461 1604
461 2064
461 2065
461 863
461 842
461 104
462 2066
462 1668
462 647
462 43
462 330
462 52
462 1404
462 1546
462 2067
462 812
462 460
462 274
462 681
463 665
463 335
463 921
463 247
463 812
463 502
463 1363
463 1900
463 1173
463 2068
463 855
464 812
464 500
464 351
464 100
464 923
465 1425
465 247
465 2069
465 1606
465 789
466 564
466 548
466 355
466 94
466 2070
466 2071
467 2072
467 2073
467 2074
467 2075
467 2076
468 340
468 1667
468 328
468 1990
468 2077
468 1829
468 967
468 1748
468 2078
468 1137
468 1262
468 699
469 999
469 1378
469 1240
469 1238
469 423
469 246
469 1749
469 1890
469 1045
469 1397
469 1003
469 1137
470 1886
470 1743
470 1228
470 1452
470 2079
470 2080
470 2081
471 849
471 849
471 1118
471 2082
471 155
471 1119
471 1120
471 758
471 1827
471 80
471 1277
471 2083
471 68
471 68
471 73
471 124
472 1091
472 53
472 784
472 575
472 146
472 95
472 297
472 1406
472 853
472 824
473 979
473 50
473 1614
473 2084
473 88
473 696
473 1706
473 1898
473 1261
473 1048
473 1899
473 2085
473 149
473 33
473 152
473 160
474 2086
474 2087
474 1505
474 2088
474 1510
475 1190
475 93
475 91
475 847
475 308
475 170
475 2012
475 1299
475 283
475 982
475 411
475 2089
475 1138
475 309
475 1645
475 285
475 310
475 1325
475 176
475 371
475 402
475 467
475 294
475 470
475 103
475 425
475 863
475 1335
475 2090
475 516
475 211
475 360
475 518
475 155
475 758
475 1709
475 1389
476 2091
476 2092
476 2061
476 692
476 487
476 2093
476 999
476 268
476 789
476 2094
477 2095
477 347
477 1530
477 279
477 1193
477 282
477 562
477 568
477 1699
477 767
477 411
477 170
477 982
477 1900
477 172
477 1645
477 1276
477 285
477 180
477 372
477 181
477 2096
477 41
477 291
477 1431
477 2097
477 292
477 356
477 2098
477 1268
477 2099
477 1107
477 1154
477 358
477 940
477 869
478 409
478 279
478 370
478 291
478 2100
479 2101
479 2101
479 2101
479 2101
479 2101
480 2102
480 1088
480 523
480 2103
480 1649
481 2104
481 2105
481 445
481 38
481 942
482 2106
482 2107
482 1631
482 2108
482 1917
483 2109
483 1564
483 265
483 314
483 1020
483 584
483 192
483 269
484 573
484 611
484 785
484 768
484 1135
485 327
485 366
485 1027
485 2110
485 1665
485 1200
486 345
486 498
486 51
486 979
486 53
486 1614
486 347
486 703
486 1404
486 414
486 1340
486 970
486 165
486 460
486 903
486 2111
486 632
486 1274
486 580
486 582
486 146
486 137
486 144
486 583
486 170
486 307
486 811
486 1341
486 2112
486 995
486 1950
486 157
486 372
486 373
486 1848
486 2113
486 2114
486 613
486 193
486 2115
486 2116
486 197
486 652
486 1301
486 251
486 866
486 156
486 516
486 517
486 62
486 155
486 2117
486 361
486 551
487 2118
487 2118
487 2118
487 2118
487 2118
488 942
488 1255
488 1257
488 1819
488 1058
488 971
488 577
488 2013
488 635
488 2024
488 1268
488 58
488 907
489 453
489 668
489 52
489 569
489 347
489 572
489 1891
490 2119
490 2119
490 2119
490 2120
490 2120
490 2120
491 1106
491 383
491 67
491 379
491 2121
491 1393
491 433
491 623
491 2053
491 2122
492 325
492 1677
492 202
492 405
492 104
492 107
492 122
493 2123
493 1120
493 521
493 1438
493 1122
493 387
494 439
494 443
494 445
494 37
494 1232
494 1244
494 663
495 2124
495 2125
495 634
495 954
495 2126
495 2127
495 115
496 1118
496 526
496 1589
496 2128
496 68
496 66
497 2129
497 2032
497 2130
497 665
497 346
497 262
497 2062
497 1598
497 812
497 2131
497 2132
497 1154
498 2133
498 2134
498 2135
498 2136
498 1025
499 2137
499 2137
499 2138
499 2138
499 2139
499 2139
500 733
500 2140
500 1777
500 2141
500 1621
500 1452
500 2142
501 2143
501 2143
501 2143
501 2143
501 2144
501 2144
501 2144
501 2144
502 2145
502 2145
502 2145
502 2145
502 2145
502 2145
503 2146
503 2147
503 495
503 394
503 1198
503 1197
504 2148
504 2149
504 1227
504 2150
504 2151
505 2152
505 2153
505 438
505 1280
505 1232
505 424
505 288
505 2154
505 64
505 1101
505 1156
506 2155
506 2155
506 2155
506 2155
506 2155
507 457
507 1604
507 2090
507 251
507 475
507 1219
507 592
507 406
507 210
507 1029
507 1337
507 619
507 207
507 1120
507 758
507 1801
507 1122
507 80
507 621
507 2156
507 2157
508 345
508 145
508 1055
508 767
508 1593
508 155
508 381
509 1095
509 2158
509 2159
509 2160
509 2161
509 2162
510 1361
510 1114
510 583
510 170
510 1637
510 266
510 307
510 354
510 285
510 310
510 99
510 2096
510 149
510 2017
510 316
510 2099
510 2065
511 383
511 1804
511 860
511 908
511 1314
512 2163
512 489
512 1917
512 1919
512 1830
512 2164
512 391
512 1597
512 2165
512 1598
512 1399
513 2166
513 2167
513 2168
513 2169
513 2170
513 2171
513 2172
514 1155
514 1224
514 221
514 2173
514 68
515 337
515 1511
515 684
515 461
515 89
515 1899
515 2174
515 2175
515 622
515 217
516 1102
516 69
516 640
516 1101
516 78
516 433
516 1127
516 118
517 2176
517 1857
517 206
517 232
517 1118
517 431
517 1933
517 758
517 1801
517 1122
517 68
518 2177
518 24
518 2153
518 547
518 47
518 566
518 1477
518 283
518 283
518 1059
518 820
518 1572
518 769
518 2178
518 472
518 1271
518 2179
519 812
519 995
519 652
519 472
519 637
520 2180
520 2181
520 25
520 510
520 1695
520 2182
521 548
521 813
521 969
521 346
521 563
521 303
521 427
521 564
521 459
521 1819
521 356
521 1269
521 515
521 907
521 210
521 1301
521 849
521 159
521 860
522 2183
522 2183
522 2184
522 2184
522 2185
522 2185
523 2186
523 2187
523 1040
523 2188
523 2189
523 48
523 351
523 144
523 281
523 579
523 583
523 1074
523 250
523 2154
523 99
523 100
523 855
523 2190
524 2191
524 2192
524 338
524 2193
524 2194
524 2195
524 2196
525 2197
525 2198
525 2143
525 2199
525 2200
526 849
526 1933
526 1033
526 2201
526 363
526 126
527 2202
527 1568
527 221
527 1781
527 2203
527 126
528 1668
528 394
528 1546
528 145
528 332
529 1772
529 1766
529 84
529 50
529 765
529 582
529 673
530 547
530 729
530 412
530 687
530 1257
530 102
530 683
531 1947
531 550
531 592
531 625
531 1971
531 209
532 2204
532 2204
532 2204
532 2204
532 2204
533 487
533 335
533 763
533 572
533 399
533 1195
533 107
534 2093
534 1044
534 1918
534 968
534 2205
535 1068
535 1647
535 1564
535 939
535 1546
535 280
535 331
535 87
535 850
535 2112
535 175
535 180
535 193
535 156
535 619
535 1099
535 1393
536 2206
536 908
536 1804
536 1288
536 380
536 1396
536 1035
537 2093
537 490
537 579
537 402
537 2207
537 613
537 193
537 192
538 2157
538 1278
538 2208
538 74
538 2209
538 1370
539 1793
539 1917
539 1830
539 902
539 537
539 1425
539 453
539 703
539 583
539 283
539 319
539 2014
539 1116
539 633
539 517
539 1710
539 76
540 2210
540 2211
540 156
540 893
540 974
541 1287
541 2128
541 1975
541 158
541 1155
542 2212
542 2213
542 338
542 1664
542 2214
542 2215
542 2216
543 2217
543 968
543 562
543 1367
543 1953
544 2218
544 2219
544 2220
544 2221
544 2222
545 2223
545 566
545 372
545 299
545 2092
546 1365
546 2224
546 800
546 2225
546 2226
546 2227
547 1102
547 551
547 75
547 1390
547 68
547 68
547 791
548 2228
548 2228
548 2228
548 2228
548 2228
548 2229
548 2229
548 2229
548 2229
548 2229
549 745
549 2230
549 2184
549 2231
549 391
549 312
549 1116
549 616
550 1585
550 82
550 453
550 579
550 1699
550 1342
550 320
550 156
550 869
550 1411
551 668
551 970
551 53
551 52
551 286
552 2232
552 442
552 440
552 134
552 1201
552 1233
552 446
552 312
552 1529
552 2233
552 2234
552 2175
552 1794
552 361
552 2235
553 2236
553 833
553 1240
553 1001
553 34
553 679
553 809
553 1545
553 683
553 925
553 928
553 684
553 287
553 1262
553 851
553 1270
554 2217
554 1273
554 2023
554 1194
554 1283
554 248
554 1647
555 2237
555 206
555 406
555 1336
555 1915
555 1709
556 126
556 2044
556 2238
556 2239
556 2240
557 2023
557 247
557 828
557 608
557 85
557 2084
557 1071
557 2154
558 2241
558 2241
558 2241
558 2242
558 2242
558 2242
559 2243
559 771
559 405
559 155
559 156
559 1903
559 485
560 1889
560 2244
560 2074
560 1832
560 144
560 1261
560 2234
561 1194
561 553
561 409
561 582
561 1114
561 1020
561 575
561 2245
561 307
562 1571
562 680
562 163
562 1153
562 1335
563 510
563 2246
563 2247
563 2248
563 2249
564 2250
564 2251
564 743
564 2252
564 2253
565 2254
565 2255
565 2256
565 1234
565 2257
566 95
566 1421
566 2258
566 363
566 2259
567 2260
567 2260
567 2260
567 2260
567 2260
567 2260
567 2260
568 2261
568 2262
568 2263
568 2264
568 2265
569 2266
569 2267
569 2268
569 2269
569 2270
569 2271
570 380
570 71
570 70
570 379
570 484
570 2157
571 1088
571 1668
571 563
571 1256
571 2272
571 202
572 215
572 1971
572 1053
572 760
572 621
572 1292
572 1293
572 74
572 389
573 272
573 53
573 91
573 583
573 284
573 1874
573 148
573 2273
573 187
573 183
573 2015
573 985
573 2274
573 2098
573 2099
573 152
573 1056
574 2275
574 2276
574 2277
574 2278
574 2279
574 2280
574 2281
574 283
575 1817
575 2282
575 885
575 2283
575 2284
576 253
576 2285
576 1521
576 1131
576 252
577 495
577 966
577 1237
577 2286
577 1784
577 447
577 1045
577 1785
577 1197
577 534
577 1890
577 1046
577 369
577 1249
577 46
577 702
577 44
577 248
577 1403
577 34
577 1253
577 1614
577 784
577 939
577 138
577 1071
577 288
577 309
577 2273
577 285
577 954
577 356
577 191
577 316
577 375
577 1463
577 298
577 407
577 2287
577 212
577 1297
577 1314
578 1227
578 1662
578 1228
578 417
578 2288
579 2289
579 2289
579 2289
579 2289
579 2289
580 1970
580 2290
580 1589
580 1033
580 2291
581 1484
581 2292
581 2293
581 2294
581 2295
581 2296
581 873
582 397
582 1138
582 855
582 624
582 1438
583 2297
583 693
583 2298
583 1442
583 2073
583 2299
584 1030
584 1031
584 1287
584 2123
584 1903
584 1971
584 1289
584 363
584 364
584 365
584 621
584 1933
585 444
585 662
585 247
585 2300
585 1759
585 140
585 141
585 2301
585 205
586 2302
586 1123
586 1988
586 1101
586 1393
587 2303
587 2304
587 2305
587 2306
587 2307
587 2308
587 997
588 2309
588 2309
588 2309
588 2309
588 2309
588 2310
588 2310
588 2310
588 2310
588 2310
589 2179
589 106
589 2243
589 1272
589 2019
589 431
589 2082
589 1437
590 905
590 1271
590 121
590 940
590 790
590 2128
590 364
591 859
591 640
591 484
591 2311
591 1102
591 301
591 385
592 2312
592 600
592 1383
592 2313
592 338
592 2314
592 2216
592 1695
592 2315
592 2316
593 162
593 499
593 2067
593 54
593 765
593 696
593 280
593 1759
593 1076
593 675
593 1257
593 282
593 140
593 462
593 398
593 583
593 1405
593 576
593 461
593 1991
593 56
593 1775
593 1262
593 1085
593 2174
593 1264
593 2317
593 1265
593 578
593 634
593 699
593 504
593 1786
593 1266
593 1195
593 1267
593 974
593 615
593 1009
594 1585
594 977
594 1628
594 456
594 684
594 1547
594 352
594 352
594 289
594 99
594 1266
594 1115
594 456
594 770
594 1928
594 1154
594 1030
594 2117
594 637
594 67
594 910
595 2318
595 494
595 1990
595 1201
595 489
595 2236
595 1238
595 1894
596 2319
596 2319
596 2319
596 2319
596 2319
596 2319
597 2320
597 2321
597 2322
597 2323
597 80
598 580
598 576
598 1406
598 1405
598 2098
598 1676
598 1437
599 2324
599 2325
599 2326
599 2327
599 2328
600 2329
600 2329
600 2330
600 2331
600 2332
601 276
601 969
601 410
601 412
601 687
601 568
601 727
601 2333
601 700
601 651
601 358
601 361
601 1032
601 381
602 2334
602 2335
602 610
602 346
602 285
602 1598
602 1153
603 411
603 1406
603 156
603 205
603 357
603 298
603 211
603 857
604 1968
604 1968
604 1968
604 1968
604 1968
605 1886
605 2336
605 2337
605 2338
605 2339
606 2340
606 2340
606 2340
606 2340
606 2340
607 2341
607 2342
607 1696
607 2343
607 2344
607 2345
608 1500
608 345
608 812
608 951
608 297
608 288
608 174
608 285
608 2096
608 2065
608 516
609 1742
609 960
609 1745
609 2346
609 2347
610 2348
610 2349
610 2350
610 338
610 2351
611 2352
611 2353
611 2354
611 2355
611 497
611 372
612 2356
612 769
612 554
612 2357
612 1512
612 1272
612 383
613 924
613 1425
613 346
613 409
613 1312
613 813
613 273
613 264
613 949
613 1599
613 189
614 942
614 2358
614 2359
614 156
614 210
614 1976
615 2360
615 2361
615 2362
615 2363
615 2364
616 2365
616 2365
616 2365
616 2365
616 2365
617 2366
617 488
617 1088
617 424
617 212
618 2367
618 2368
618 1641
618 1428
618 2369
619 2370
619 2371
619 1194
619 928
619 140
619 1343
619 425
619 2116
619 854
619 362
619 1034
619 551
620 2372
620 2236
620 262
620 2373
620 558
620 344
620 179
620 102
620 311
620 867
621 2374
621 2374
621 2374
621 2374
621 2374
621 2374
621 2374
622 1972
622 1324
622 146
622 1406
622 768
622 308
623 2375
623 946
623 2376
623 2112
623 1071
623 1587
623 359
623 524
623 1030
623 301
623 73
624 2377
624 2378
624 2379
624 2380
624 2381
625 1134
625 88
625 1592
625 1267
625 102
625 1154
625 156
626 1233
626 333
626 1519
626 1043
626 246
626 2165
626 805
626 2382
626 1896
626 44
626 1425
626 548
626 1771
626 2383
626 2384
626 2089
626 288
626 2154
626 2385
626 311
627 2386
627 2387
627 151
627 196
627 404
627 320
627 2388
628 136
628 2389
628 675
628 1405
628 288
628 1849
628 193
628 1124
628 1463
629 380
629 1277
629 68
629 379
629 75
629 68
629 2121
629 426
629 1411
629 1844
629 2390
629 2391
629 66
630 2392
630 497
630 440
630 329
630 1232
630 455
631 2393
631 621
631 1123
631 2394
631 76
631 1294
631 1866
631 1781
631 2395
631 2396
631 1998
631 2043
631 2397
631 540
631 623
631 389
631 1295
632 312
632 1773
632 93
632 457
632 91
632 464
632 1282
632 971
632 982
632 1986
632 1138
632 287
632 2174
632 634
632 299
632 855
633 1649
633 921
633 2398
633 412
633 149
634 2399
634 2400
634 2401
634 2402
634 2403
635 2404
635 2404
635 2404
635 2404
635 2404
636 127
636 1804
636 1100
636 2405
636 1126
636 119
637 1164
637 2406
637 2407
637 963
637 2408
637 2409
637 2410
637 2411
637 2412
637 2413
637 2414
637 2415
637 2416
637 2417
637 2418
637 1087
638 2419
638 2105
638 671
638 488
638 444
639 2420
639 2420
639 2420
639 2420
639 2420
640 2421
640 2421
640 2421
640 2421
640 2421
641 2422
641 444
641 1585
641 1474
641 966
641 1244
641 2205
641 1931
641 1250
641 537
641 667
641 346
641 1772
641 264
641 1768
641 1601
641 2004
641 770
641 614
641 2243
641 358
641 1679
641 1976
641 551
642 2423
642 2159
642 2424
642 2425
642 2426
643 1556
643 2427
643 2428
643 2407
643 2255
644 2429
644 2429
644 2430
644 2431
644 2432
644 2433
645 894
645 809
645 1058
645 287
645 1259
645 700
645 104
645 300
646 2128
646 1708
646 2434
646 1277
646 621
646 1123
646 69
646 843
647 58
647 1027
647 300
647 365
647 1102
647 118
647 1846
648 2294
648 2435
648 1232
648 455
648 445
649 2436
649 2437
649 2438
649 2439
649 1514
649 2440
649 2441
650 1241
650 2398
650 1897
650 1091
650 809
650 456
650 979
650 1630
650 1300
650 101
650 2065
650 2442
651 2062
651 2335
651 993
651 952
651 88
651 1260
651 1075
651 2443
651 1341
651 868
651 1803
651 214
651 2444
651 273
651 2445
652 2446
652 2447
652 489
652 2448
652 2449
652 1248
652 452
652 2450
652 44
652 834
652 553
652 610
652 1564
652 685
652 352
652 144
652 141
652 307
652 147
652 310
652 1262
652 1265
653 2451
653 2452
653 1095
653 2188
653 2015
654 2420
654 2420
654 2420
654 2420
654 2420
654 2420
655 893
655 1453
655 2453
655 2033
655 2440
656 2454
656 1452
656 1203
656 2231
656 2455
657 901
657 649
657 1714
657 637
657 252
658 2456
658 2456
658 2456
658 2456
658 2456
659 2457
659 2458
659 2459
659 2460
659 2461
660 1284
660 276
660 1957
660 347
660 683
660 1340
660 687
660 412
660 315
660 2462
660 139
660 2463
660 170
660 2464
660 1144
660 2465
660 1072
660 1083
660 584
660 185
660 1650
660 182
660 2466
660 2274
660 268
660 877
660 2467
660 2468
661 2469
661 1695
661 2470
661 2471
661 2472
661 2473
662 2474
662 2474
662 1682
662 1682
662 2475
662 2475
663 2476
663 33
663 2070
663 2477
663 2099
663 2478
663 940
664 74
664 2479
664 2480
664 540
664 2240
665 729
665 2481
665 1819
665 1565
665 184
666 1668
666 1746
666 336
666 1190
666 1107
666 906
666 525
666 908
667 2482
667 262
667 330
667 782
667 409
667 2116
667 195
667 2483
667 1512
667 2042
667 791
668 383
668 1827
668 2201
668 1292
668 869
668 859
668 484
669 507
669 507
669 507
669 507
669 507
670 761
670 74
670 1713
670 2053
670 2122
671 2484
671 2485
671 725
671 1342
671 2486
672 2487
672 2488
672 2489
672 2252
672 2490
672 2491
673 2492
673 2493
673 1545
673 54
673 929
673 1994
674 1599
674 2494
674 2495
674 2496
674 2497
675 2498
675 2499
675 2400
675 2500
675 2501
676 1006
676 78
676 1278
676 72
676 844
676 623
677 2502
677 2502
677 2502
677 2502
677 2502
678 1975
678 760
678 1289
678 1099
678 379
679 2503
679 2503
679 2503
679 2503
679 2503
680 1283
680 1060
680 1644
680 1190
680 458
680 279
680 1759
680 1138
680 143
680 1276
680 181
680 536
680 1153
680 1267
680 102
680 2127
680 1270
680 1183
680 1677
680 906
680 407
680 525
680 120
681 312
681 847
681 143
681 1363
681 1271
682 710
682 1743
682 2504
682 2505
682 2506
682 2507
683 406
683 407
683 62
683 2042
683 2508
684 762
684 262
684 639
684 273
684 937
684 275
684 50
684 1061
684 2509
684 86
684 632
684 982
684 1071
684 55
684 1074
684 2476
684 2510
684 2511
684 617
684 866
684 824
685 498
685 1324
685 468
685 1218
685 287
686 1063
686 970
686 137
686 289
686 927
686 814
686 1786
686 1261
686 1325
686 1991
686 476
686 173
686 193
686 1964
686 1529
686 1992
686 1645
686 1965
686 789
686 824
686 1154
686 1300
686 100
686 1993
686 1994
686 1566
686 1995
686 1115
686 826
686 1996
686 1056
686 1997
686 206
686 857
686 1998
687 1957
687 1897
687 783
687 673
687 980
687 1759
688 42
688 1301
688 2243
688 2512
688 298
688 60
688 61
688 1031
688 1997
688 2201
689 2513
689 1202
689 1771
689 414
689 397
690 1096
690 899
690 2130
690 247
690 831
690 2514
691 806
691 1546
691 537
691 361
691 63
692 2515
692 2515
692 2515
692 2515
692 2515
692 2515
692 2515
693 2516
693 2516
693 2516
693 2516
693 2516
694 391
694 98
694 584
694 185
694 403
694 2517
694 788
695 2518
695 2518
695 2518
695 2518
695 2518
696 2519
696 2520
696 2521
696 2522
696 2523
696 2524
697 2303
697 2525
697 522
697 221
697 127
698 2526
698 2527
698 2528
698 2136
698 2529
699 211
699 1031
699 155
699 383
699 1106
699 758
699 1032
699 790
699 113
699 1827
699 2530
699 1053
699 1288
699 1289
699 379
699 1293
699 161
699 2531
699 74
699 1298
699 2532
700 449
700 48
700 82
700 303
700 81
700 937
700 272
700 345
700 611
700 683
700 273
700 466
700 173
700 1325
700 1144
700 292
700 183
700 2483
700 1606
700 2533
700 1974
700 2534
700 1463
700 613
701 1773
701 85
701 315
701 1144
701 1819
701 2535
701 904
701 151
701 1399
701 1301
701 1173
701 517
702 2536
702 2537
702 2538
702 2539
702 2540
702 2541
702 2197
702 2542
702 2543
702 1818
702 2544
702 1819
702 2545
702 2221
702 1820
702 2546
702 2547
702 2548
703 37
703 2300
703 248
703 896
703 1597
703 1338
703 58
703 877
703 678
703 275
703 1823
704 2549
704 2550
704 2551
704 2552
704 2553
705 2216
705 2216
705 510
705 510
705 2554
705 2554
706 232
706 1794
706 1436
706 155
706 1052
706 1976
706 365
706 1711
707 2555
707 2555
707 2555
707 2555
707 2555
707 2555
708 2556
708 2489
708 2557
708 2426
708 2558
709 872
709 1621
709 2148
709 2559
709 2352
709 2560
709 2561
709 1832
709 458
709 2562
709 2563
709 87
709 144
709 352
709 2564
709 139
709 56
709 973
709 1593
709 1263
709 1264
709 1265
709 974
709 699
709 852
709 291
709 817
709 469
709 2013
709 102
709 2069
709 194
709 2127
709 1379
709 1107
709 2234
709 1965
709 655
709 472
709 1029
709 359
709 849
710 275
710 559
710 560
710 2371
710 465
710 92
710 1363
710 144
710 1456
710 1893
710 814
710 538
711 1552
711 2252
711 2565
711 2566
711 2567
711 2568
712 2569
712 1133
712 1065
712 1069
712 284
712 1084
712 141
712 952
712 948
712 1083
712 466
712 2570
712 810
712 1529
712 1260
712 995
712 584
712 41
712 1153
712 1548
712 198
712 152
712 1947
712 863
712 2274
712 200
712 2571
712 2477
712 2572
712 1967
712 209
712 1969
712 2573
712 940
712 70
712 1224
712 1102
712 2291
712 215
712 1690
713 404
713 1220
713 1968
713 232
713 758
714 2574
714 495
714 784
714 2575
714 58
714 1335
715 2490
715 82
715 51
715 273
715 409
715 404
715 923
715 2065
716 338
716 2576
716 2371
716 2577
716 2578
717 38
717 246
717 1198
717 1246
717 394
717 452
717 1247
717 449
717 1002
718 2579
718 2579
718 2579
718 2579
718 2579
718 2579
719 2580
719 178
719 954
719 1963
719 456
719 771
720 2581
720 2582
720 775
720 510
720 2583
721 2318
721 704
721 1668
721 671
721 1251
721 454
721 1284
721 1636
721 1950
721 178
721 766
721 2584
721 700
722 2585
722 128
722 75
722 1369
722 1933
723 2586
723 1988
723 69
723 1100
723 1396
723 1413
723 761
723 1866
723 1781
723 1933
723 541
723 2587
724 2061
724 2102
724 1088
724 1246
724 805
724 1896
724 537
724 1152
724 201
724 106
725 2102
725 1894
725 1628
725 803
725 448
725 537
725 667
725 1253
725 263
725 565
725 155
725 1006
725 1396
726 413
726 277
726 51
726 86
726 411
726 1898
726 286
726 904
726 180
726 2333
726 1327
726 1008
726 788
726 100
726 2116
726 103
726 1974
726 854
726 1029
726 2052
726 1933
726 212
726 113
726 129
726 2588
727 338
727 1441
727 2589
727 2590
727 2591
728 2592
728 2593
728 2594
728 2595
728 2596
729 2597
729 2598
729 2599
729 2600
729 2601
730 399
730 34
730 1071
730 850
730 94
730 2602
731 1105
731 163
731 147
731 2154
731 41
731 822
731 1646
732 561
732 56
732 41
732 634
732 555
732 191
733 908
733 637
733 1843
733 1156
733 129
734 692
734 1668
734 672
734 1435
734 1629
734 1251
734 827
734 924
734 639
734 818
734 1512
734 211
735 1000
735 1519
735 1238
735 423
735 1894
735 30
735 976
735 803
735 1044
735 491
735 57
735 1775
735 296
735 632
735 2126
735 197
735 1171
736 162
736 459
736 1255
736 1282
736 284
736 502
736 90
737 2603
737 730
737 1613
737 708
737 447
737 665
737 1046
737 1137
737 44
737 921
737 1253
737 1462
737 1217
737 249
737 409
737 275
737 49
737 2604
737 1134
737 1564
737 137
737 1192
737 88
737 284
737 144
737 307
738 488
738 1668
738 43
738 1089
738 288
738 84
738 2605
738 855
739 828
739 491
739 427
739 1133
739 1891
739 279
739 765
739 1636
739 1819
739 282
739 1058
739 1900
739 577
739 1950
739 292
739 1267
739 2483
739 201
739 818
739 908
739 365
739 71
739 389
740 2606
740 281
740 354
740 2317
740 1880
740 868
740 119
741 558
741 1190
741 982
741 1645
741 177
741 1028
741 101
742 378
742 1438
742 868
742 2128
742 2607
742 678
742 1710
742 426
742 126
743 2136
743 2136
743 2608
743 2608
743 2609
743 2609
743 2556
743 2556
744 1811
744 2610
744 2194
744 1285
744 2611
744 1917
745 1120
745 790
745 621
745 218
745 1711
746 95
746 1260
746 1261
746 143
746 2612
746 1645
746 285
746 584
746 96
746 181
746 1399
746 954
746 1992
746 831
746 1124
746 2069
746 1995
746 1027
746 654
746 2613
746 2614
746 771
746 2483
746 867
746 208
746 1029
746 849
746 436
746 593
746 1033
746 1411
746 433
746 1314
746 2615
746 1844
746 641
746 2616
747 1917
747 53
747 1133
747 1648
747 145
747 157
747 1968
747 1436
748 2028
748 1917
748 1044
748 664
748 569
748 142
748 1363
748 2126
748 2617
749 1017
749 685
749 1547
749 612
749 97
749 1965
749 855
749 311
749 867
750 2618
750 2619
750 662
750 2112
750 2099
751 1047
751 1600
751 294
751 1947
751 1493
751 1603
751 152
751 160
751 2620
751 2083
752 2621
752 2621
752 2622
752 2622
752 2623
752 2623
753 705
753 2624
753 1931
753 1046
753 454
753 1754
753 1714
753 2085
753 102
753 1646
753 2174
753 100
753 2243
753 203
754 558
754 52
754 1590
754 170
754 456
754 1031
755 491
755 424
755 93
755 1546
755 263
755 972
755 397
755 580
755 2564
755 583
755 284
755 91
755 1362
755 403
755 620
756 2625
756 2626
756 2627
756 896
756 2628
757 2629
757 991
757 394
757 1197
757 1198
757 946
757 537
757 248
757 2630
757 1253
757 491
757 456
757 828
757 948
757 1425
757 2443
757 1598
757 1766
757 1898
757 266
757 1782
757 2631
757 1083
757 1075
757 1326
757 178
757 1153
757 2096
757 152
757 188
757 2632
757 198
757 789
757 200
757 2633
758 335
758 969
758 427
758 564
758 1138
759 2236
759 2634
759 834
759 456
759 395
759 249
759 261
759 806
759 1957
759 812
759 2334
759 1133
759 492
759 170
759 413
759 185
759 634
759 875
759 178
759 2635
759 2636
759 826
759 2083
759 1155
760 1514
760 2637
760 2299
760 2638
760 2639
761 1563
761 1990
761 1668
761 1793
761 316
761 2640
762 2641
762 2641
762 2641
762 2641
762 2641
762 2641
763 2642
763 527
763 1731
763 2643
763 2644
764 48
764 1699
764 399
764 145
764 2645
764 283
764 624
765 1801
765 1388
765 1710
765 1903
765 483
766 452
766 1425
766 346
766 1275
766 1172
767 2646
767 2646
767 2647
767 2647
767 2648
767 2648
768 999
768 2093
768 783
768 248
768 2649
769 2650
769 2651
769 2652
769 2619
769 2653
769 2654
770 1313
770 280
770 1636
770 1991
770 1195
770 99
770 456
770 469
770 268
770 103
770 615
771 214
771 1802
771 2655
771 217
771 1711
772 1487
772 546
772 559
772 1972
772 283
772 370
772 868
773 2656
773 2657
773 2658
773 2659
773 978
774 2660
774 1562
774 1285
774 2661
774 2662
775 2663
775 2664
775 2252
775 2665
775 2666
775 2667
776 442
776 443
776 2236
776 1243
776 968
776 834
776 276
776 681
776 162
776 1133
776 349
776 1361
776 2668
776 412
776 459
776 1255
776 574
776 1257
776 501
776 576
776 810
776 1258
776 1058
776 354
776 697
776 250
776 2317
776 1262
776 851
776 634
776 766
776 291
776 635
776 1107
776 655
776 203
776 2669
776 1270
776 2478
776 550
776 122
776 849
776 940
776 108
776 1665
776 1006
776 115
776 120
777 1585
777 833
777 44
777 346
777 491
777 1132
777 763
777 784
777 2084
777 1361
777 461
777 282
777 1592
777 1930
777 2063
777 2359
777 908
778 2670
778 1653
778 1910
778 2671
778 2672
778 2673
778 2674
778 2675
779 2676
779 2676
779 2676
779 2676
779 2676
780 1194
780 548
780 491
780 273
780 303
780 1134
780 1417
780 2562
780 1425
780 2481
780 1005
780 465
780 1404
780 284
780 307
780 2389
780 462
780 266
780 1048
780 576
780 89
780 922
780 1363
780 767
780 2273
780 99
780 57
780 193
780 2677
780 819
780 1966
780 2090
780 251
780 358
780 619
780 1953
780 621
781 2678
781 2678
781 2678
781 2678
781 2678
782 312
782 1571
782 1546
782 86
782 2679
782 353
782 1114
782 583
783 2680
783 2680
783 2680
783 2680
783 2681
783 2681
783 2681
783 2681
784 846
784 2447
784 440
784 523
784 346
784 1916
784 2388
785 1917
785 943
785 1025
785 803
785 491
785 1771
785 1190
785 1152
785 2084
785 1105
785 1105
785 927
785 1282
785 1254
785 810
785 1259
785 286
785 1264
785 1055
785 2682
785 1849
785 1268
785 1783
785 2243
785 377
785 525
785 760
785 1099
786 271
786 50
786 1312
786 1564
786 88
787 1957
787 498
787 569
787 52
787 969
787 459
787 972
787 1948
787 2117
787 160
788 2385
788 304
788 2131
788 144
788 789
788 1865
788 2683
789 1032
789 790
789 1290
789 1122
789 773
789 1369
790 877
790 2684
790 2685
790 2179
790 2571
790 204
790 106
790 1967
790 209
790 1969
790 2573
790 1689
790 518
790 1589
790 2686
790 213
790 1690
790 2291
790 128
790 2083
790 2687
790 220
791 828
791 1113
791 138
791 850
791 57
791 1171
792 2688
792 2689
792 2690
792 2073
792 2691
793 424
793 1774
793 413
793 2692
793 633
794 2342
794 1203
794 2040
794 417
794 1696
794 2441
795 895
795 702
795 247
795 681
795 683
795 179
795 295
796 1598
796 275
796 2693
796 263
796 1047
796 580
796 1083
796 2694
796 294
796 2466
796 2695
796 2064
797 2296
797 1483
797 2696
797 1477
797 698
797 316
797 1600
797 1857
798 912
798 912
798 625
798 361
798 2686
798 217
798 621
798 621
798 1053
798 1988
799 1477
799 1107
799 517
799 1521
799 212
799 1711
800 981
800 51
800 83
800 52
800 2131
801 1184
801 600
801 2697
801 2698
801 2699
802 2700
802 2700
802 2700
802 2700
802 2700
803 490
803 1931
803 394
803 537
803 1152
804 263
804 337
804 284
804 1335
804 1117
805 336
805 85
805 50
805 560
805 559
805 1192
805 2509
805 2111
805 985
805 288
805 1007
805 174
806 2701
806 2701
806 2701
806 2702
806 2702
806 2702
807 2703
807 2703
807 2703
807 2703
807 2703
807 2703
808 846
808 46
808 610
808 1256
808 1282
808 461
808 282
808 56
808 293
808 677
808 296
808 429
808 295
808 212
809 2704
809 949
809 142
809 411
809 1565
809 319
809 158
809 1106
809 2615
810 498
810 1614
810 1047
810 1063
810 1759
810 633
810 2705
810 2575
810 2116
810 1156
810 2588
811 2706
811 2706
811 2706
811 2706
811 2706
812 564
812 563
812 925
812 679
812 157
813 1649
813 1917
813 1235
813 2205
813 1240
813 968
813 1894
813 1015
813 246
813 1784
813 534
813 702
813 49
813 49
813 49
813 1590
813 1590
813 1590
813 2707
813 2707
813 2707
813 1706
813 1706
813 1706
813 2045
813 2045
813 2045
813 176
813 176
813 176
813 33
813 33
813 33
813 292
813 292
813 292
813 456
813 456
813 456
813 2175
813 2175
813 2175
814 2708
814 2709
814 2710
814 2711
814 2712
814 2713
815 2714
815 2714
815 2714
815 2715
815 2715
815 2715
816 165
816 561
816 2463
816 1406
816 1592
816 1260
816 1529
816 584
816 96
816 1259
816 177
816 2716
816 1650
816 185
816 2013
816 2717
816 98
816 1399
816 166
816 182
816 1779
816 2511
816 186
816 2517
816 2718
816 1594
816 194
816 2719
816 198
817 2720
817 2721
817 2722
817 2559
817 2723
818 2724
818 2477
818 1769
818 1220
818 209
818 940
818 758
818 1804
818 1968
819 687
819 574
819 1930
819 250
819 1263
820 271
820 782
820 312
820 1597
820 1773
820 260
820 347
820 313
820 948
820 1066
820 2389
820 980
820 460
820 1063
820 675
820 306
820 575
820 2725
820 2463
821 2726
821 360
821 518
821 1933
821 758
821 1052
821 1287
821 160
821 1801
822 391
822 2727
822 248
822 264
822 1878
822 92
822 1266
822 1768
822 62
822 2640
822 868
822 212
822 1804
822 1122
823 1511
823 309
823 373
823 168
823 299
823 371
823 821
823 1548
824 1997
824 377
824 1118
824 1287
824 159
825 1932
825 683
825 54
825 87
825 687
825 1819
825 1848
825 822
825 102
825 1327
825 2534
825 867
825 1801
825 1122
826 1990
826 1668
826 900
826 648
826 1089
826 1280
826 1931
826 1754
826 491
826 1614
826 88
826 282
826 145
826 1144
826 1071
826 1055
826 370
826 372
826 1153
826 292
826 1513
827 2728
827 2268
827 2729
827 2730
827 2731
827 1877
827 2732
828 1743
828 1557
828 2733
828 2734
828 2735
829 262
829 970
829 1059
829 317
829 1968
830 2736
830 395
830 271
830 2737
830 337
830 91
830 1363
830 1874
830 1071
830 830
830 904
830 831
831 2738
831 2739
831 2740
831 1037
831 2741
831 2742
831 2743
831 1550
831 2744
831 2745
831 891
831 2746
831 514
831 2747
831 2748
831 2375
832 2749
832 2750
832 1096
832 2751
832 2752
832 2753
833 1720
833 2181
833 600
833 2754
833 510
833 2216
833 511
833 2755
834 366
834 1585
834 86
834 398
834 625
834 161
835 2756
835 2756
835 2756
835 2756
835 2757
835 2757
835 2757
835 2757
836 30
836 335
836 142
836 461
836 502
836 180
837 2758
837 327
837 439
837 901
837 1233
838 2759
838 2760
838 2761
838 2762
838 2763
839 444
839 449
839 1045
839 46
839 346
839 156
840 2764
840 1037
840 1315
840 2765
840 2766
841 2181
841 417
841 2767
841 2768
841 2769
842 1391
842 1006
842 1697
842 486
842 1524
842 1525
843 621
843 113
843 70
843 1293
843 1524
843 2121
843 2607
843 1294
844 51
844 1361
844 808
844 1899
844 851
844 319
844 299
844 819
844 1154
845 2770
845 2771
845 2772
845 2773
845 2369
846 1886
846 1227
846 2774
846 1380
846 2775
846 2776
846 2455
847 2777
847 2778
847 2779
847 2780
847 838
847 2781
848 2005
848 108
848 1389
848 1971
848 217
848 1006
848 1122
848 843
848 1155
848 1524
848 1525
848 1396
849 498
849 141
849 297
849 2645
849 2782
850 949
850 174
850 954
850 1056
850 592
850 1120
850 2190
851 2783
851 2784
851 2785
851 2786
851 2787
852 2788
852 2789
852 2790
852 29
852 2791
852 1754
852 2373
852 2300
852 911
853 2092
853 671
853 329
853 1629
853 1194
853 372
853 788
853 996
853 1122
854 2792
854 1760
854 2793
854 2794
854 2795
855 868
855 1801
855 1391
855 1392
855 1393
856 953
856 2796
856 827
856 413
856 84
856 315
856 584
856 177
856 1029
857 2797
857 2797
857 2797
857 2797
857 2797
858 2798
858 566
858 277
858 937
858 274
858 498
858 1590
858 465
858 86
858 2679
858 1048
858 1324
858 286
858 2359
858 654
858 1289
858 1288
858 1292
859 1641
859 1641
859 1641
859 2799
859 2799
859 2799
860 2573
860 1436
860 2082
860 217
860 540
861 2800
861 2800
861 2800
861 2800
861 2800
862 2375
862 2801
862 2802
862 442
862 303
862 563
862 1136
862 2803
863 1118
863 1119
863 670
863 219
863 1102
864 183
864 2096
864 1218
864 402
864 1601
864 283
864 1078
864 172
864 2804
864 2645
864 1275
864 55
864 1645
864 475
865 2805
865 409
865 1312
865 50
865 260
865 2737
865 1417
865 1064
865 1397
865 2562
865 2679
865 331
866 947
866 2806
866 313
866 347
866 579
866 1066
866 1069
866 141
866 2807
866 611
866 2570
866 1072
866 2808
866 289
866 2124
866 2809
866 2717
866 173
867 83
867 1564
867 263
867 87
867 398
867 1363
867 305
867 927
867 172
867 850
867 669
867 1455
867 1456
867 1139
867 554
867 814
867 1930
867 1991
867 815
867 1768
867 973
867 250
867 181
867 99
867 2063
867 727
867 1755
867 1849
867 822
867 1327
868 1717
868 1452
868 2810
868 2811
868 1316
868 2812
868 1453
869 1102
869 115
869 125
869 301
869 1035
870 2813
870 2341
870 2342
870 1696
870 2814
871 2815
871 2816
871 605
871 1653
871 2817
872 961
872 2818
872 2819
872 2820
872 2821
873 2822
873 1453
873 2823
873 1037
873 2249
873 2824
873 2825
873 2826
874 1679
874 1106
874 2005
874 869
874 212
874 1975
874 364
874 64
874 1294
875 2827
875 987
875 2828
875 2829
875 2830
875 891
875 2034
875 2831
875 2832
875 2440
875 325
875 2833
875 893
875 2834
875 2835
875 2836
876 2837
876 2838
876 1837
876 2839
876 2840
876 2841
876 2842
876 2843
876 2844
877 558
877 330
877 681
877 410
877 263
877 1630
877 784
878 1043
878 2032
878 1545
878 413
878 950
879 2845
879 166
879 2846
879 1559
879 1602
879 2126
879 2847
879 151
879 2015
880 730
880 1378
880 273
880 264
880 162
880 1276
880 68
881 469
881 2098
881 2068
881 190
881 295
881 425
881 201
881 2636
881 202
881 1971
881 433
881 389
881 2848
882 2849
882 2849
882 2849
882 2850
882 2850
882 2850
883 2526
883 2526
883 2526
883 527
883 527
883 527
884 894
884 53
884 1190
884 1257
884 1256
885 2851
885 2851
885 2851
885 2851
885 2851
885 2851
885 2851
885 2851
886 2852
886 2852
886 2852
886 2852
886 2852
887 551
887 1711
887 1101
887 118
887 910
888 2853
888 2853
888 2853
888 2853
888 2853
888 2853
889 2696
889 765
889 2178
889 1572
889 473
890 86
890 305
890 1366
890 1565
890 170
890 283
890 174
890 821
890 356
890 197
890 1928
890 2243
890 1288
891 1504
891 2854
891 2087
891 2855
891 1694
892 330
892 88
892 806
892 81
892 904
892 826
893 494
893 2105
893 450
893 495
893 139
893 95
893 193
893 159
894 2856
894 2856
894 2856
894 2856
894 2856
895 969
895 1312
895 2334
895 970
895 2084
895 683
895 312
895 813
895 82
895 1417
895 1192
895 1113
895 87
895 1362
895 142
895 1048
895 612
895 1405
895 2272
895 2243
895 435
896 271
896 553
896 782
896 275
896 91
896 81
896 827
897 340
897 2857
897 272
897 271
897 829
897 1511
897 2384
897 411
897 282
897 283
897 297
897 2317
897 250
897 178
897 1116
897 1327
897 2174
897 1779
897 100
897 2858
897 849
897 849
897 1801
897 2442
897 433
898 2859
898 2860
898 2861
898 2862
898 1204
899 2474
899 505
899 2863
899 2864
899 2865
900 533
900 2866
900 2867
900 2835
900 2868
901 51
901 345
901 264
901 1017
901 1190
901 1765
901 1766
901 84
901 2062
901 163
901 1193
901 331
901 2111
901 1362
901 1960
901 139
901 138
901 1455
901 1059
901 289
901 250
901 157
901 177
901 372
901 318
901 41
901 1961
901 1848
901 1153
901 2869
901 1195
901 2511
901 635
901 374
901 1572
901 2617
901 1268
901 1300
901 299
901 1368
901 2016
901 471
901 1301
901 1183
901 2052
901 624
901 212
902 2870
902 2871
902 1817
902 2872
902 2873
902 2874
902 2875
902 1874
902 2876
902 2544
902 2548
903 1613
903 663
903 449
903 46
903 2877
903 812
903 2014
903 2878
904 1377
904 327
904 438
904 43
904 1001
904 424
904 1706
905 2879
905 276
905 51
905 173
905 2357
906 733
906 2880
906 2881
906 2882
906 2883
906 2884
906 2885
907 893
907 2886
907 91
907 86
907 808
907 2131
907 170
907 1630
908 449
908 335
908 413
908 681
908 191
909 1730
909 1730
909 1730
909 1730
909 1730
910 312
910 937
910 410
910 1773
910 279
910 1055
910 904
910 1880
910 1961
910 2014
910 2015
910 2575
910 1182
910 2887
910 405
910 121
910 1272
910 1521
910 1288
910 1393
911 441
911 1793
911 1931
911 330
911 2359
912 1279
912 329
912 680
912 1059
912 299
913 1234
913 444
913 1002
913 2888
913 667
913 44
913 261
913 782
914 1787
914 2889
914 329
914 27
914 568
915 545
915 487
915 2236
915 503
915 448
916 2890
916 775
916 511
916 510
916 417
916 1452
916 1696
916 2891
917 1052
917 484
917 1278
917 1843
917 2240
918 2892
918 2608
918 2893
918 2894
918 1852
919 2895
919 68
919 1388
919 1156
919 120
919 2240
920 2896
920 1234
920 729
920 1585
920 446
920 1793
920 503
921 2897
921 2898
921 2899
921 2900
921 2901
921 2897
922 1804
922 218
922 2005
922 1130
922 217
922 1711
922 252
922 1122
922 213
923 2902
923 2902
923 2364
923 2364
923 1585
923 1585
924 2504
924 2583
924 2181
924 1536
924 712
925 2903
925 2903
925 2903
925 2904
925 2904
925 2904
926 1745
926 2905
926 709
926 2906
926 2907
927 580
927 582
927 465
927 2908
927 1874
927 847
927 575
927 669
927 307
927 138
927 1048
927 2245
927 1074
927 2476
927 2694
927 310
927 2612
927 97
928 969
928 813
928 970
928 305
928 1406
928 1768
928 370
928 2243
929 2510
929 1085
929 150
929 100
929 193
929 1268
929 2909
929 1646
929 1965
929 1928
929 525
930 503
930 991
930 40
930 447
930 537
930 263
930 2910
930 972
930 567
930 151
930 1327
930 211
930 108
931 2911
931 2912
931 2913
931 2802
931 335
931 264
931 337
931 459
931 459
931 632
931 305
931 2668
931 1057
931 461
931 1565
931 97
931 372
931 2914
931 2915
932 2916
932 2916
932 2916
932 2917
932 2917
932 2917
933 707
933 535
933 902
933 2918
933 1785
933 2888
933 1312
933 395
934 2919
934 591
934 2920
934 2921
934 2922
935 489
935 37
935 2093
935 662
935 2236
935 1236
935 367
935 336
936 846
936 2923
936 899
936 1232
936 440
936 1088
936 1280
936 246
936 663
936 423
936 367
936 1273
936 263
936 783
936 1340
936 951
936 1193
936 1020
936 1699
936 2924
936 90
936 502
936 850
936 1073
936 1275
936 1258
936 2112
936 283
936 1138
936 283
936 1078
936 2612
936 1950
936 180
936 293
936 2125
936 677
936 549
936 2510
936 286
936 468
936 2333
936 1783
936 1733
936 102
936 2910
936 151
936 299
936 923
936 1974
936 295
936 1301
936 1966
936 592
936 2394
936 298
936 1436
936 857
936 63
936 909
936 908
936 1033
936 385
937 2925
937 1087
937 2926
937 2927
937 2927
938 2928
938 2928
938 2928
938 2928
938 2928
939 2929
939 2930
939 2931
939 2932
939 2933
940 2934
940 2935
940 1817
940 2936
940 2937
941 2938
941 2939
941 2940
941 1194
941 1283
941 303
942 2941
942 2942
942 1168
942 2943
942 2944
943 108
943 1097
943 1975
943 860
943 1391
943 1126
944 1746
944 563
944 34
944 1565
944 65
945 892
945 2894
945 2945
945 2946
945 2947
946 1194
946 558
946 1339
946 271
946 424
946 1060
946 553
946 1284
946 277
946 673
946 1957
946 948
946 1069
947 2948
947 2949
947 2950
947 2461
947 2951
948 2952
948 83
948 85
948 673
948 2887
949 999
949 1240
949 335
949 1281
949 1715
949 2953
950 1349
950 2215
950 2954
950 1661
950 1662
950 2054
950 25
950 2955
950 2956
951 2957
951 2958
951 2959
951 2421
951 1364
952 2960
952 2961
952 2962
952 1286
952 2963
953 2964
953 2965
953 2440
953 2966
953 1228
953 2967
954 2968
954 2969
954 2970
954 2971
954 1387
954 2972
954 1695
955 1002
955 459
955 1282
955 250
955 1848
955 291
955 635
955 374
955 621
956 1689
956 1690
956 2291
956 68
956 68
956 388
956 1933
956 389
957 125
957 1781
957 910
957 1846
957 2239
957 2683
958 276
958 458
958 350
958 765
958 459
958 87
958 1255
958 352
958 2973
958 250
958 1138
958 810
958 173
958 634
958 578
958 1594
958 1267
958 769
958 974
958 191
958 103
958 1974
958 199
958 652
958 700
958 205
958 849
958 1436
959 2152
959 1377
959 2974
959 894
959 427
959 1647
959 1361
959 464
959 814
959 1264
959 191
959 59
959 525
959 301
960 1561
960 651
960 2975
960 1154
960 2357
960 2534
960 475
960 210
960 2258
960 207
960 1220
960 62
960 1337
960 1053
960 119
961 2077
961 707
961 1474
961 966
961 1931
961 1629
961 454
961 610
961 280
961 2976
961 973
961 1879
961 1586
961 177
961 318
961 1733
961 456
961 1758
961 655
961 474
961 106
961 2128
961 844
962 312
962 1773
962 1361
962 141
962 283
962 177
962 286
962 2869
962 2333
963 2977
963 2977
963 2977
963 2977
963 2977
963 2977
964 294
964 2978
964 1604
964 153
964 826
964 251
964 622
964 107
964 359
964 1970
964 1033
964 380
965 2979
965 2979
965 2979
965 2979
965 2979
965 2979
965 2979
965 2979
966 2980
966 327
966 2077
966 284
966 354
966 2045
966 122
966 359
966 1933
967 1575
967 455
967 523
967 1088
967 943
968 2981
968 2981
968 2981
968 2981
968 2981
968 2981
968 2981
969 2982
969 322
969 417
969 2037
969 1452
969 2983
969 2984
969 2455
969 2985
969 338
969 775
969 2216
969 1037
970 2986
970 2986
970 2986
970 2986
970 2986
971 2078
971 304
971 140
971 283
971 1774
971 308
971 1325
971 1893
971 788
971 1116
971 2333
971 633
972 2987
972 2988
972 2989
972 2990
972 2991
973 1649
973 1649
973 1917
973 1917
973 1235
973 1235
973 2205
973 2205
973 1240
973 1240
973 968
973 968
973 1894
973 1894
973 1015
973 1015
973 246
973 246
973 1784
973 1784
973 534
973 534
973 702
973 702
974 2408
974 2992
974 2993
974 744
974 846
974 714
974 2994
974 2995
974 497
974 546
974 2996
974 47
974 83
974 263
975 1232
975 450
975 495
975 247
975 524
976 2997
976 246
976 1628
976 803
976 1015
976 2165
976 394
976 393
976 1197
976 1751
976 945
976 2022
976 2998
976 368
976 1248
976 1365
976 2373
976 2999
976 953
976 1253
976 261
976 639
976 924
976 558
976 424
976 680
976 93
976 457
976 2062
976 582
976 1192
976 580
976 263
976 397
976 982
976 1074
976 167
976 874
977 1832
977 3000
977 3001
977 3002
977 3003
978 3004
978 1002
978 1546
978 52
978 1547
978 675
978 3005
979 3006
979 3007
979 3008
979 3009
979 3010
980 3011
980 3012
980 1662
980 3013
980 3014
981 1240
981 548
981 809
981 1715
981 696
981 928
981 140
981 614
981 855
981 1971
982 3015
982 3015
982 417
982 417
982 1383
982 1383
982 1203
982 1203
983 1699
983 288
983 143
983 3016
983 2025
983 1997
983 621
984 712
984 1720
984 338
984 3017
984 3018
984 3019
984 2619
985 3020
985 1805
985 3021
985 1808
985 3022
985 3023
985 3024
986 546
986 2802
986 327
986 1990
986 894
986 1474
987 1477
987 2124
987 399
987 173
987 185
988 2298
988 2298
988 3025
988 3025
988 3026
988 3026
989 3027
989 2430
989 750
989 3028
989 3029
990 665
990 1896
990 447
990 248
990 921
990 346
990 34
990 1771
990 456
990 1462
990 610
990 457
990 835
990 1113
990 3030
990 2114
990 940
990 158
991 3031
991 1280
991 1666
991 1233
991 1235
991 999
991 649
991 46
991 834
991 303
991 249
991 925
991 458
991 686
991 279
991 281
991 1254
991 928
991 1361
991 280
991 501
991 971
991 461
991 1257
991 464
991 89
991 576
991 147
991 697
991 1058
991 1259
991 3032
991 787
991 1775
991 57
991 634
991 1342
991 2510
991 766
991 1786
991 100
991 632
991 2126
991 2617
991 616
991 286
991 2175
991 1027
991 866
992 2722
992 2720
992 3033
992 2559
992 3034
992 3035
993 2041
993 3036
993 1036
993 3037
993 3038
993 3039
993 3040
993 3041
994 853
994 1677
994 475
994 357
994 515
994 207
994 106
994 436
995 3042
995 3043
995 773
995 1131
995 1390
996 2311
996 1525
996 68
996 2121
996 1411
996 485
996 3044
996 3045
996 540
997 3046
997 216
997 432
997 1293
997 1292
998 3047
998 3048
998 1836
998 3049
998 3050
998 3051
999 1953
999 3052
999 790
999 526
999 1033
999 2201
1000 2184
1000 3053
1000 3054
1000 2456
1000 2474
1000 3055
1000 3056
1000 3057
1001 36
1001 895
1001 731
1001 32
1001 1919
1001 333
1001 1001
1001 805
1001 1784
1001 706
1001 1628
1001 2165
1001 456
1001 1931
1001 448
1001 2238
1001 1157
1002 1227
1002 2506
1002 702
1002 348
1002 1255
1002 3058
1003 50
1003 85
1003 1404
1003 1564
1003 2062
1003 91
1003 579
1003 1767
1003 310
1003 267
1003 2017
1003 3059
1004 3060
1004 3061
1004 3062
1004 3063
1004 3064
1004 3065
1004 3066
1004 786
1005 1194
1005 1406
1005 3067
1005 55
1005 786
1005 308
1005 1325
1006 1649
1006 1236
1006 3068
1006 2015
1006 375
1007 3069
1007 117
1007 118
1007 1933
1007 1513
1007 74
1007 109
